t psi theta phi
0.000000 0.000000 1.483530 0.000000
0.010005 -0.000001 1.483521 0.140139
0.020010 -0.000007 1.483496 0.280273
0.030015 -0.000025 1.483453 0.420396
0.040020 -0.000059 1.483393 0.560502
0.050025 -0.000114 1.483316 0.700587
0.060030 -0.000197 1.483222 0.840644
0.070035 -0.000313 1.483112 0.980669
0.080040 -0.000466 1.482984 1.120657
0.090045 -0.000663 1.482839 1.260601
0.100050 -0.000907 1.482678 1.400498
0.110055 -0.001204 1.482500 1.540343
0.120060 -0.001559 1.482306 1.680129
0.130065 -0.001977 1.482095 1.819854
0.140070 -0.002461 1.481868 1.959512
0.150075 -0.003017 1.481625 2.099098
0.160080 -0.003649 1.481366 2.238609
0.170085 -0.004360 1.481091 2.378041
0.180090 -0.005156 1.480800 2.517390
0.190095 -0.006039 1.480493 2.656651
0.200100 -0.007013 1.480171 2.795821
0.210105 -0.008082 1.479834 2.934898
0.220110 -0.009248 1.479482 3.073876
0.230115 -0.010516 1.479114 3.212755
0.240120 -0.011888 1.478732 3.351529
0.250125 -0.013366 1.478336 3.490198
0.260130 -0.014954 1.477925 3.628758
0.270135 -0.016653 1.477500 3.767207
0.280140 -0.018466 1.477060 3.905543
0.290145 -0.020395 1.476608 4.043764
0.300150 -0.022441 1.476141 4.181868
0.310155 -0.024607 1.475661 4.319853
0.320160 -0.026894 1.475168 4.457717
0.330165 -0.029303 1.474662 4.595461
0.340170 -0.031835 1.474143 4.733081
0.350175 -0.034492 1.473611 4.870578
0.360180 -0.037274 1.473067 5.007951
0.370185 -0.040182 1.472511 5.145198
0.380190 -0.043217 1.471943 5.282319
0.390195 -0.046379 1.471363 5.419314
0.400200 -0.049668 1.470772 5.556183
0.410205 -0.053085 1.470169 5.692924
0.420210 -0.056630 1.469556 5.829539
0.430215 -0.060303 1.468931 5.966027
0.440220 -0.064103 1.468295 6.102388
0.450225 -0.068030 1.467649 6.238623
0.460230 -0.072085 1.466993 6.374731
0.470235 -0.076266 1.466326 6.510714
0.480240 -0.080574 1.465650 6.646572
0.490245 -0.085007 1.464964 6.782306
0.500250 -0.089564 1.464268 6.917915
0.510255 -0.094246 1.463563 7.053402
0.520260 -0.099051 1.462849 7.188766
0.530265 -0.103979 1.462125 7.324009
0.540270 -0.109028 1.461393 7.459132
0.550275 -0.114198 1.460652 7.594135
0.560280 -0.119487 1.459903 7.729020
0.570285 -0.124894 1.459146 7.863787
0.580290 -0.130419 1.458380 7.998439
0.590295 -0.136060 1.457606 8.132975
0.600300 -0.141817 1.456825 8.267398
0.610305 -0.147686 1.456036 8.401709
0.620310 -0.153669 1.455239 8.535908
0.630315 -0.159762 1.454436 8.669997
0.640320 -0.165966 1.453625 8.803977
0.650325 -0.172278 1.452807 8.937850
0.660330 -0.178698 1.451982 9.071618
0.670335 -0.185223 1.451150 9.205280
0.680340 -0.191854 1.450312 9.338839
0.690345 -0.198587 1.449468 9.472297
0.700350 -0.205423 1.448617 9.605654
0.710355 -0.212359 1.447760 9.738911
0.720360 -0.219394 1.446897 9.872071
0.730365 -0.226528 1.446028 10.005135
0.740370 -0.233757 1.445154 10.138104
0.750375 -0.241082 1.444274 10.270979
0.760380 -0.248501 1.443388 10.403761
0.770385 -0.256012 1.442497 10.536453
0.780390 -0.263614 1.441600 10.669056
0.790395 -0.271306 1.440699 10.801570
0.800400 -0.279087 1.439792 10.933998
0.810405 -0.286954 1.438881 11.066340
0.820410 -0.294907 1.437964 11.198598
0.830415 -0.302945 1.437043 11.330774
0.840420 -0.311066 1.436118 11.462868
0.850425 -0.319269 1.435187 11.594882
0.860430 -0.327552 1.434253 11.726816
0.870435 -0.335915 1.433314 11.858674
0.880440 -0.344356 1.432371 11.990455
0.890445 -0.352874 1.431423 12.122161
0.900450 -0.361468 1.430472 12.253793
0.910455 -0.370136 1.429517 12.385352
0.920460 -0.378878 1.428557 12.516840
0.930465 -0.387691 1.427594 12.648257
0.940470 -0.396576 1.426628 12.779606
0.950475 -0.405531 1.425658 12.910886
0.960480 -0.414555 1.424684 13.042100
0.970485 -0.423646 1.423707 13.173248
0.980490 -0.432804 1.422726 13.304331
0.990495 -0.442028 1.421742 13.435351
1.000500 -0.451316 1.420755 13.566308
1.010505 -0.460667 1.419765 13.697204
1.020510 -0.470081 1.418771 13.828040
1.030515 -0.479557 1.417775 13.958816
1.040520 -0.489092 1.416776 14.089534
1.050525 -0.498688 1.415774 14.220195
1.060530 -0.508342 1.414769 14.350799
1.070535 -0.518054 1.413761 14.481348
1.080540 -0.527822 1.412750 14.611842
1.090545 -0.537646 1.411737 14.742283
1.100550 -0.547525 1.410722 14.872671
1.110555 -0.557458 1.409704 15.003008
1.120560 -0.567444 1.408683 15.133293
1.130565 -0.577483 1.407661 15.263529
1.140570 -0.587573 1.406635 15.393715
1.150575 -0.597714 1.405608 15.523853
1.160580 -0.607904 1.404578 15.653944
1.170585 -0.618144 1.403547 15.783988
1.180590 -0.628432 1.402513 15.913986
1.190595 -0.638767 1.401477 16.043939
1.200600 -0.649150 1.400439 16.173848
1.210605 -0.659578 1.399399 16.303713
1.220610 -0.670052 1.398358 16.433535
1.230615 -0.680570 1.397314 16.563316
1.240620 -0.691133 1.396269 16.693054
1.250625 -0.701738 1.395221 16.822752
1.260630 -0.712387 1.394173 16.952410
1.270635 -0.723077 1.393122 17.082029
1.280640 -0.733808 1.392070 17.211609
1.290645 -0.744580 1.391016 17.341151
1.300650 -0.755393 1.389961 17.470656
1.310655 -0.766244 1.388905 17.600124
1.320660 -0.777135 1.387847 17.729556
1.330665 -0.788064 1.386787 17.858952
1.340670 -0.799030 1.385726 17.988314
1.350675 -0.810034 1.384664 18.117641
1.360680 -0.821074 1.383601 18.246934
1.370685 -0.832150 1.382536 18.376194
1.380690 -0.843261 1.381470 18.505422
1.390695 -0.854408 1.380403 18.634617
1.400700 -0.865589 1.379335 18.763781
1.410705 -0.876804 1.378266 18.892914
1.420710 -0.888052 1.377196 19.022016
1.430715 -0.899333 1.376125 19.151088
1.440720 -0.910647 1.375053 19.280131
1.450725 -0.921993 1.373980 19.409145
1.460730 -0.933370 1.372906 19.538130
1.470735 -0.944778 1.371831 19.667087
1.480740 -0.956217 1.370755 19.796016
1.490745 -0.967686 1.369679 19.924919
1.500750 -0.979185 1.368602 20.053794
1.510755 -0.990714 1.367524 20.182644
1.520760 -1.002271 1.366445 20.311467
1.530765 -1.013857 1.365366 20.440266
1.540770 -1.025471 1.364286 20.569039
1.550775 -1.037112 1.363206 20.697787
1.560780 -1.048781 1.362125 20.826512
1.570785 -1.060477 1.361044 20.955212
1.580790 -1.072200 1.359962 21.083890
1.590795 -1.083949 1.358879 21.212544
1.600800 -1.095723 1.357796 21.341175
1.610805 -1.107524 1.356713 21.469785
1.620810 -1.119349 1.355630 21.598372
1.630815 -1.131199 1.354546 21.726938
1.640820 -1.143074 1.353462 21.855483
1.650825 -1.154973 1.352377 21.984006
1.660830 -1.166896 1.351293 22.112510
1.670835 -1.178843 1.350208 22.240993
1.680840 -1.190813 1.349123 22.369456
1.690845 -1.202805 1.348038 22.497900
1.700850 -1.214821 1.346953 22.626324
1.710855 -1.226859 1.345867 22.754730
1.720860 -1.238919 1.344782 22.883117
1.730865 -1.251000 1.343697 23.011485
1.740870 -1.263103 1.342611 23.139836
1.750875 -1.275228 1.341526 23.268169
1.760880 -1.287373 1.340441 23.396484
1.770885 -1.299539 1.339356 23.524782
1.780890 -1.311726 1.338271 23.653064
1.790895 -1.323933 1.337186 23.781329
1.800900 -1.336160 1.336101 23.909577
1.810905 -1.348406 1.335017 24.037809
1.820910 -1.360672 1.333932 24.166026
1.830915 -1.372957 1.332849 24.294227
1.840920 -1.385261 1.331765 24.422413
1.850925 -1.397584 1.330682 24.550583
1.860930 -1.409926 1.329599 24.678739
1.870935 -1.422285 1.328516 24.806880
1.880940 -1.434663 1.327434 24.935007
1.890945 -1.447059 1.326353 25.063119
1.900950 -1.459473 1.325272 25.191218
1.910955 -1.471903 1.324191 25.319303
1.920960 -1.484352 1.323111 25.447375
1.930965 -1.496817 1.322031 25.575433
1.940970 -1.509299 1.320952 25.703478
1.950975 -1.521798 1.319874 25.831511
1.960980 -1.534313 1.318796 25.959531
1.970985 -1.546845 1.317719 26.087538
1.980990 -1.559393 1.316643 26.215533
1.990995 -1.571956 1.315568 26.343516
2.001001 -1.584536 1.314493 26.471488
2.011006 -1.597131 1.313419 26.599447
2.021011 -1.609741 1.312346 26.727396
2.031016 -1.622367 1.311273 26.855333
2.041021 -1.635007 1.310202 26.983258
2.051026 -1.647663 1.309131 27.111173
2.061031 -1.660333 1.308062 27.239078
2.071036 -1.673018 1.306993 27.366971
2.081041 -1.685718 1.305926 27.494854
2.091046 -1.698431 1.304859 27.622727
2.101051 -1.711159 1.303794 27.750590
2.111056 -1.723901 1.302729 27.878444
2.121061 -1.736656 1.301666 28.006287
2.131066 -1.749426 1.300604 28.134121
2.141071 -1.762208 1.299543 28.261945
2.151076 -1.775004 1.298483 28.389760
2.161081 -1.787814 1.297424 28.517566
2.171086 -1.800636 1.296367 28.645363
2.181091 -1.813472 1.295311 28.773151
2.191096 -1.826320 1.294256 28.900930
2.201101 -1.839181 1.293203 29.028701
2.211106 -1.852055 1.292151 29.156464
2.221111 -1.864941 1.291100 29.284218
2.231116 -1.877840 1.290051 29.411964
2.241121 -1.890751 1.289004 29.539702
2.251126 -1.903673 1.287958 29.667433
2.261131 -1.916608 1.286913 29.795155
2.271136 -1.929555 1.285870 29.922870
2.281141 -1.942513 1.284828 30.050578
2.291146 -1.955483 1.283788 30.178278
2.301151 -1.968465 1.282750 30.305970
2.311156 -1.981458 1.281714 30.433656
2.321161 -1.994462 1.280679 30.561335
2.331166 -2.007478 1.279646 30.689007
2.341171 -2.020504 1.278614 30.816672
2.351176 -2.033542 1.277585 30.944330
2.361181 -2.046590 1.276557 31.071982
2.371186 -2.059649 1.275531 31.199628
2.381191 -2.072719 1.274507 31.327267
2.391196 -2.085799 1.273485 31.454900
2.401201 -2.098890 1.272465 31.582527
2.411206 -2.111992 1.271447 31.710148
2.421211 -2.125103 1.270430 31.837763
2.431216 -2.138225 1.269416 31.965372
2.441221 -2.151357 1.268404 32.092976
2.451226 -2.164499 1.267394 32.220574
2.461231 -2.177650 1.266386 32.348166
2.471236 -2.190812 1.265381 32.475753
2.481241 -2.203983 1.264377 32.603335
2.491246 -2.217164 1.263376 32.730911
2.501251 -2.230355 1.262377 32.858483
2.511256 -2.243555 1.261381 32.986049
2.521261 -2.256764 1.260386 33.113610
2.531266 -2.269983 1.259394 33.241167
2.541271 -2.283211 1.258405 33.368719
2.551276 -2.296448 1.257417 33.496266
2.561281 -2.309694 1.256433 33.623808
2.571286 -2.322949 1.255450 33.751346
2.581291 -2.336213 1.254471 33.878880
2.591296 -2.349486 1.253493 34.006409
2.601301 -2.362768 1.252519 34.133934
2.611306 -2.376058 1.251547 34.261455
2.621311 -2.389357 1.250577 34.388971
2.631316 -2.402664 1.249611 34.516484
2.641321 -2.415980 1.248647 34.643992
2.651326 -2.429305 1.247685 34.771497
2.661331 -2.442637 1.246727 34.898998
2.671336 -2.455978 1.245771 35.026495
2.681341 -2.469327 1.244818 35.153988
2.691346 -2.482684 1.243868 35.281478
2.701351 -2.496049 1.242921 35.408964
2.711356 -2.509423 1.241977 35.536447
2.721361 -2.522804 1.241036 35.663927
2.731366 -2.536193 1.240098 35.791403
2.741371 -2.549589 1.239163 35.918875
2.751376 -2.562994 1.238230 36.046345
2.761381 -2.576406 1.237301 36.173811
2.771386 -2.589825 1.236376 36.301275
2.781391 -2.603252 1.235453 36.428735
2.791396 -2.616687 1.234533 36.556192
2.801401 -2.630129 1.233617 36.683647
2.811406 -2.643578 1.232704 36.811098
2.821411 -2.657035 1.231794 36.938547
2.831416 -2.670498 1.230888 37.065993
2.841421 -2.683969 1.229985 37.193436
2.851426 -2.697447 1.229085 37.320877
2.861431 -2.710932 1.228189 37.448315
2.871436 -2.724424 1.227296 37.575751
2.881441 -2.737923 1.226407 37.703184
2.891446 -2.751429 1.225521 37.830615
2.901451 -2.764942 1.224639 37.958043
2.911456 -2.778461 1.223760 38.085469
2.921461 -2.791987 1.222885 38.212893
2.931466 -2.805520 1.222014 38.340315
2.941471 -2.819059 1.221146 38.467734
2.951476 -2.832605 1.220283 38.595152
2.961481 -2.846157 1.219422 38.722567
2.971486 -2.859716 1.218566 38.849980
2.981491 -2.873281 1.217714 38.977391
2.991496 -2.886852 1.216865 39.104801
3.001501 -2.900429 1.216020 39.232208
3.011506 -2.914013 1.215179 39.359614
3.021511 -2.927603 1.214342 39.487018
3.031516 -2.941199 1.213509 39.614420
3.041521 -2.954801 1.212681 39.741820
3.051526 -2.968410 1.211856 39.869219
3.061531 -2.982024 1.211035 39.996616
3.071536 -2.995644 1.210218 40.124011
3.081541 -3.009269 1.209406 40.251405
3.091546 -3.022901 1.208598 40.378797
3.101551 -3.036538 1.207794 40.506188
3.111556 -3.050181 1.206994 40.633578
3.121561 -3.063830 1.206198 40.760966
3.131566 -3.077484 1.205407 40.888352
3.141571 -3.091144 1.204620 41.015738
3.151576 -3.104810 1.203838 41.143122
3.161581 -3.118481 1.203060 41.270504
3.171586 -3.132157 1.202286 41.397886
3.181591 -3.145839 1.201517 41.525266
3.191596 -3.159526 1.200753 41.652645
3.201601 -3.173218 1.199993 41.780023
3.211606 -3.186915 1.199237 41.907400
3.221611 -3.200618 1.198486 42.034776
3.231616 -3.214326 1.197740 42.162150
3.241621 -3.228039 1.196999 42.289524
3.251626 -3.241757 1.196262 42.416897
3.261631 -3.255479 1.195530 42.544268
3.271636 -3.269207 1.194803 42.671639
3.281641 -3.282940 1.194080 42.799009
3.291646 -3.296678 1.193363 42.926378
3.301651 -3.310420 1.192650 43.053746
3.311656 -3.324167 1.191942 43.181113
3.321661 -3.337919 1.191239 43.308480
3.331666 -3.351676 1.190541 43.435846
3.341671 -3.365437 1.189848 43.563211
3.351676 -3.379203 1.189160 43.690575
3.361681 -3.392974 1.188477 43.817938
3.371686 -3.406749 1.187800 43.945301
3.381691 -3.420528 1.187127 44.072663
3.391696 -3.434312 1.186459 44.200025
3.401701 -3.448100 1.185797 44.327386
3.411706 -3.461893 1.185140 44.454746
3.421711 -3.475689 1.184488 44.582106
3.431716 -3.489490 1.183841 44.709465
3.441721 -3.503296 1.183200 44.836823
3.451726 -3.517105 1.182564 44.964182
3.461731 -3.530919 1.181934 45.091539
3.471736 -3.544736 1.181308 45.218896
3.481741 -3.558558 1.180688 45.346253
3.491746 -3.572384 1.180074 45.473609
3.501751 -3.586213 1.179465 45.600965
3.511756 -3.600047 1.178862 45.728320
3.521761 -3.613884 1.178264 45.855675
3.531766 -3.627725 1.177672 45.983030
3.541771 -3.641570 1.177085 46.110384
3.551776 -3.655419 1.176504 46.237738
3.561781 -3.669271 1.175928 46.365092
3.571786 -3.683127 1.175358 46.492445
3.581791 -3.696987 1.174794 46.619798
3.591796 -3.710850 1.174236 46.747150
3.601801 -3.724717 1.173683 46.874503
3.611806 -3.738587 1.173137 47.001855
3.621811 -3.752461 1.172596 47.129207
3.631816 -3.766338 1.172060 47.256558
3.641821 -3.780218 1.171531 47.383910
3.651826 -3.794102 1.171008 47.511261
3.661831 -3.807989 1.170490 47.638612
3.671836 -3.821879 1.169978 47.765963
3.681841 -3.835772 1.169473 47.893313
3.691846 -3.849669 1.168973 48.020664
3.701851 -3.863569 1.168480 48.148014
3.711856 -3.877471 1.167992 48.275364
3.721861 -3.891377 1.167510 48.402714
3.731866 -3.905286 1.167035 48.530064
3.741871 -3.919198 1.166566 48.657414
3.751876 -3.933112 1.166102 48.784763
3.761881 -3.947030 1.165645 48.912113
3.771886 -3.960950 1.165194 49.039462
3.781891 -3.974873 1.164750 49.166812
3.791896 -3.988799 1.164311 49.294161
3.801901 -4.002727 1.163879 49.421510
3.811906 -4.016658 1.163453 49.548859
3.821911 -4.030592 1.163034 49.676208
3.831916 -4.044528 1.162620 49.803557
3.841921 -4.058467 1.162213 49.930906
3.851926 -4.072408 1.161813 50.058255
3.861931 -4.086352 1.161418 50.185604
3.871936 -4.100298 1.161030 50.312953
3.881941 -4.114246 1.160649 50.440302
3.891946 -4.128197 1.160274 50.567650
3.901951 -4.142150 1.159905 50.694999
3.911956 -4.156106 1.159543 50.822348
3.921961 -4.170063 1.159188 50.949697
3.931966 -4.184023 1.158838 51.077046
3.941971 -4.197984 1.158496 51.204394
3.951976 -4.211948 1.158160 51.331743
3.961981 -4.225914 1.157830 51.459092
3.971986 -4.239882 1.157507 51.586441
3.981991 -4.253852 1.157191 51.713789
3.991996 -4.267823 1.156881 51.841138
4.002001 -4.281797 1.156578 51.968487
4.012006 -4.295772 1.156282 52.095836
4.022011 -4.309749 1.155992 52.223185
4.032016 -4.323728 1.155709 52.350534
4.042021 -4.337709 1.155433 52.477883
4.052026 -4.351691 1.155163 52.605231
4.062031 -4.365675 1.154900 52.732580
4.072036 -4.379660 1.154644 52.859929
4.082041 -4.393647 1.154394 52.987278
4.092046 -4.407636 1.154152 53.114628
4.102051 -4.421626 1.153916 53.241977
4.112056 -4.435617 1.153687 53.369326
4.122061 -4.449609 1.153464 53.496675
4.132066 -4.463603 1.153249 53.624024
4.142071 -4.477599 1.153040 53.751373
4.152076 -4.491595 1.152838 53.878723
4.162081 -4.505593 1.152643 54.006072
4.172086 -4.519592 1.152455 54.133421
4.182091 -4.533592 1.152274 54.260771
4.192096 -4.547593 1.152099 54.388120
4.202101 -4.561595 1.151932 54.515470
4.212106 -4.575598 1.151771 54.642819
4.222111 -4.589602 1.151617 54.770169
4.232116 -4.603606 1.151470 54.897518
4.242121 -4.617612 1.151331 55.024868
4.252126 -4.631619 1.151198 55.152217
4.262131 -4.645626 1.151072 55.279567
4.272136 -4.659634 1.150952 55.406917
4.282141 -4.673643 1.150840 55.534266
4.292146 -4.687652 1.150735 55.661616
4.302151 -4.701662 1.150637 55.788966
4.312156 -4.715673 1.150545 55.916315
4.322161 -4.729684 1.150461 56.043665
4.332166 -4.743695 1.150384 56.171015
4.342171 -4.757707 1.150313 56.298365
4.352176 -4.771720 1.150250 56.425715
4.362181 -4.785733 1.150194 56.553065
4.372186 -4.799746 1.150144 56.680414
4.382191 -4.813759 1.150102 56.807764
4.392196 -4.827773 1.150066 56.935114
4.402201 -4.841786 1.150038 57.062464
4.412206 -4.855800 1.150016 57.189814
4.422211 -4.869814 1.150002 57.317164
4.432216 -4.883829 1.149994 57.444514
4.442221 -4.897843 1.149994 57.571864
4.452226 -4.911857 1.150001 57.699214
4.462231 -4.925871 1.150014 57.826564
4.472236 -4.939885 1.150035 57.953914
4.482241 -4.953899 1.150062 58.081263
4.492246 -4.967912 1.150097 58.208613
4.502251 -4.981926 1.150138 58.335963
4.512256 -4.995939 1.150187 58.463313
4.522261 -5.009952 1.150242 58.590663
4.532266 -5.023964 1.150305 58.718013
4.542271 -5.037976 1.150374 58.845363
4.552276 -5.051988 1.150451 58.972712
4.562281 -5.065999 1.150534 59.100062
4.572286 -5.080010 1.150624 59.227412
4.582291 -5.094020 1.150722 59.354762
4.592296 -5.108029 1.150826 59.482111
4.602301 -5.122038 1.150937 59.609461
4.612306 -5.136046 1.151056 59.736811
4.622311 -5.150054 1.151181 59.864160
4.632316 -5.164060 1.151313 59.991510
4.642321 -5.178066 1.151452 60.118860
4.652326 -5.192071 1.151598 60.246209
4.662331 -5.206075 1.151751 60.373559
4.672336 -5.220078 1.151910 60.500908
4.682341 -5.234080 1.152077 60.628258
4.692346 -5.248082 1.152251 60.755607
4.702351 -5.262082 1.152431 60.882956
4.712356 -5.276081 1.152618 61.010306
4.722361 -5.290078 1.152813 61.137655
4.732366 -5.304075 1.153013 61.265004
4.742371 -5.318070 1.153221 61.392354
4.752376 -5.332065 1.153436 61.519703
4.762381 -5.346057 1.153657 61.647052
4.772386 -5.360049 1.153886 61.774401
4.782391 -5.374039 1.154121 61.901750
4.792396 -5.388028 1.154363 62.029099
4.802401 -5.402015 1.154611 62.156448
4.812406 -5.416000 1.154866 62.283797
4.822411 -5.429984 1.155129 62.411146
4.832416 -5.443967 1.155397 62.538495
4.842421 -5.457948 1.155673 62.665844
4.852426 -5.471927 1.155955 62.793193
4.862431 -5.485904 1.156244 62.920542
4.872436 -5.499880 1.156539 63.047891
4.882441 -5.513853 1.156842 63.175240
4.892446 -5.527825 1.157151 63.302588
4.902451 -5.541795 1.157466 63.429937
4.912456 -5.555763 1.157788 63.557286
4.922461 -5.569730 1.158117 63.684635
4.932466 -5.583694 1.158452 63.811983
4.942471 -5.597656 1.158794 63.939332
4.952476 -5.611616 1.159142 64.066681
4.962481 -5.625573 1.159497 64.194030
4.972486 -5.639529 1.159858 64.321379
4.982491 -5.653482 1.160226 64.448727
4.992496 -5.667433 1.160600 64.576076
5.002501 -5.681382 1.160980 64.703425
5.012506 -5.695329 1.161368 64.830774
5.022511 -5.709273 1.161761 64.958123
5.032516 -5.723214 1.162161 65.085472
5.042521 -5.737153 1.162567 65.212820
5.052526 -5.751090 1.162979 65.340169
5.062531 -5.765024 1.163398 65.467519
5.072536 -5.778955 1.163823 65.594868
5.082541 -5.792884 1.164255 65.722217
5.092546 -5.806810 1.164692 65.849566
5.102551 -5.820734 1.165136 65.976915
5.112556 -5.834654 1.165586 66.104265
5.122561 -5.848572 1.166043 66.231614
5.132566 -5.862487 1.166505 66.358964
5.142571 -5.876399 1.166974 66.486314
5.152576 -5.890308 1.167448 66.613663
5.162581 -5.904214 1.167929 66.741013
5.172586 -5.918117 1.168416 66.868364
5.182591 -5.932017 1.168909 66.995714
5.192596 -5.945914 1.169408 67.123064
5.202601 -5.959808 1.169912 67.250415
5.212606 -5.973699 1.170423 67.377766
5.222611 -5.987586 1.170940 67.505117
5.232616 -6.001470 1.171463 67.632468
5.242621 -6.015351 1.171991 67.759819
5.252626 -6.029229 1.172526 67.887171
5.262631 -6.043103 1.173066 68.014523
5.272636 -6.056973 1.173612 68.141875
5.282641 -6.070841 1.174164 68.269227
5.292646 -6.084704 1.174722 68.396580
5.302651 -6.098564 1.175285 68.523932
5.312656 -6.112421 1.175854 68.651286
5.322661 -6.126274 1.176429 68.778639
5.332666 -6.140123 1.177009 68.905993
5.342671 -6.153968 1.177595 69.033347
5.352676 -6.167810 1.178187 69.160702
5.362681 -6.181648 1.178784 69.288057
5.372686 -6.195482 1.179386 69.415412
5.382691 -6.209312 1.179995 69.542768
5.392696 -6.223138 1.180608 69.670124
5.402701 -6.236960 1.181227 69.797481
5.412706 -6.250778 1.181852 69.924838
5.422711 -6.264593 1.182482 70.052195
5.432716 -6.278403 1.183117 70.179553
5.442721 -6.292208 1.183758 70.306912
5.452726 -6.306010 1.184404 70.434271
5.462731 -6.319807 1.185055 70.561630
5.472736 -6.333600 1.185711 70.688991
5.482741 -6.347389 1.186373 70.816351
5.492746 -6.361174 1.187040 70.943713
5.502751 -6.374954 1.187712 71.071075
5.512756 -6.388729 1.188389 71.198438
5.522761 -6.402500 1.189071 71.325801
5.532766 -6.416267 1.189759 71.453165
5.542771 -6.430028 1.190451 71.580530
5.552776 -6.443786 1.191148 71.707896
5.562781 -6.457538 1.191850 71.835262
5.572786 -6.471286 1.192558 71.962629
5.582791 -6.485029 1.193270 72.089997
5.592796 -6.498767 1.193987 72.217366
5.602801 -6.512501 1.194709 72.344736
5.612806 -6.526229 1.195435 72.472107
5.622811 -6.539953 1.196167 72.599478
5.632816 -6.553672 1.196903 72.726851
5.642821 -6.567385 1.197644 72.854224
5.652826 -6.581094 1.198389 72.981599
5.662831 -6.594797 1.199140 73.108974
5.672836 -6.608495 1.199894 73.236351
5.682841 -6.622188 1.200654 73.363729
5.692846 -6.635876 1.201418 73.491108
5.702851 -6.649558 1.202186 73.618488
5.712856 -6.663235 1.202959 73.745869
5.722861 -6.676906 1.203737 73.873252
5.732866 -6.690573 1.204518 74.000636
5.742871 -6.704233 1.205305 74.128021
5.752876 -6.717888 1.206095 74.255407
5.762881 -6.731538 1.206890 74.382795
5.772886 -6.745182 1.207690 74.510184
5.782891 -6.758820 1.208493 74.637575
5.792896 -6.772452 1.209301 74.764967
5.802901 -6.786079 1.210113 74.892361
5.812906 -6.799699 1.210929 75.019756
5.822911 -6.813314 1.211749 75.147153
5.832916 -6.826923 1.212573 75.274551
5.842921 -6.840526 1.213402 75.401951
5.852926 -6.854123 1.214234 75.529353
5.862931 -6.867714 1.215070 75.656757
5.872936 -6.881298 1.215911 75.784162
5.882941 -6.894877 1.216755 75.911569
5.892946 -6.908449 1.217603 76.038978
5.902951 -6.922015 1.218455 76.166389
5.912956 -6.935574 1.219311 76.293802
5.922961 -6.949127 1.220171 76.421217
5.932966 -6.962674 1.221034 76.548635
5.942971 -6.976214 1.221901 76.676054
5.952976 -6.989747 1.222772 76.803475
5.962981 -7.003274 1.223647 76.930899
5.972986 -7.016794 1.224525 77.058324
5.982991 -7.030308 1.225406 77.185753
5.992996 -7.043814 1.226292 77.313183
6.003002 -7.057314 1.227180 77.440616
6.013007 -7.070807 1.228073 77.568051
6.023012 -7.084293 1.228969 77.695489
6.033017 -7.097772 1.229868 77.822929
6.043022 -7.111244 1.230770 77.950372
6.053027 -7.124709 1.231676 78.077818
6.063032 -7.138166 1.232586 78.205266
6.073037 -7.151616 1.233498 78.332718
6.083042 -7.165059 1.234414 78.460172
6.093047 -7.178495 1.235333 78.587629
6.103052 -7.191923 1.236256 78.715089
6.113057 -7.205343 1.237181 78.842551
6.123062 -7.218756 1.238110 78.970017
6.133067 -7.232162 1.239041 79.097487
6.143072 -7.245559 1.239976 79.224959
6.153077 -7.258949 1.240914 79.352434
6.163082 -7.272331 1.241855 79.479913
6.173087 -7.285706 1.242799 79.607396
6.183092 -7.299072 1.243745 79.734882
6.193097 -7.312430 1.244695 79.862371
6.203102 -7.325780 1.245647 79.989864
6.213107 -7.339122 1.246603 80.117360
6.223112 -7.352456 1.247561 80.244861
6.233117 -7.365781 1.248522 80.372365
6.243122 -7.379098 1.249485 80.499873
6.253127 -7.392407 1.250452 80.627385
6.263132 -7.405707 1.251421 80.754901
6.273137 -7.418998 1.252392 80.882421
6.283142 -7.432281 1.253367 81.009946
6.293147 -7.445555 1.254344 81.137474
6.303152 -7.458820 1.255323 81.265007
6.313157 -7.472076 1.256305 81.392545
6.323162 -7.485324 1.257289 81.520087
6.333167 -7.498562 1.258276 81.647633
6.343172 -7.511791 1.259266 81.775184
6.353177 -7.525011 1.260257 81.902740
6.363182 -7.538222 1.261251 82.030301
6.373187 -7.551423 1.262248 82.157867
6.383192 -7.564615 1.263246 82.285437
6.393197 -7.577797 1.264247 82.413013
6.403202 -7.590969 1.265250 82.540594
6.413207 -7.604132 1.266256 82.668180
6.423212 -7.617285 1.267263 82.795772
6.433217 -7.630428 1.268273 82.923369
6.443222 -7.643562 1.269285 83.050972
6.453227 -7.656685 1.270299 83.178581
6.463232 -7.669798 1.271314 83.306195
6.473237 -7.682900 1.272332 83.433815
6.483242 -7.695992 1.273352 83.561441
6.493247 -7.709074 1.274374 83.689073
6.503252 -7.722145 1.275398 83.816712
6.513257 -7.735206 1.276423 83.944356
6.523262 -7.748256 1.277451 84.072008
6.533267 -7.761295 1.278480 84.199665
6.543272 -7.774323 1.279511 84.327329
6.553277 -7.787340 1.280544 84.455000
6.563282 -7.800345 1.281579 84.582678
6.573287 -7.813340 1.282615 84.710363
6.583292 -7.826323 1.283653 84.838055
6.593297 -7.839294 1.284693 84.965754
6.603302 -7.852254 1.285734 85.093461
6.613307 -7.865203 1.286777 85.221175
6.623312 -7.878139 1.287822 85.348896
6.633317 -7.891063 1.288868 85.476625
6.643322 -7.903976 1.289915 85.604363
6.653327 -7.916876 1.290964 85.732108
6.663332 -7.929763 1.292015 85.859861
6.673337 -7.942639 1.293066 85.987622
6.683342 -7.955502 1.294120 86.115392
6.693347 -7.968352 1.295174 86.243170
6.703352 -7.981189 1.296230 86.370957
6.713357 -7.994013 1.297287 86.498753
6.723362 -8.006824 1.298345 86.626558
6.733367 -8.019622 1.299405 86.754372
6.743372 -8.032407 1.300466 86.882195
6.753377 -8.045178 1.301528 87.010027
6.763382 -8.057935 1.302591 87.137869
6.773387 -8.070678 1.303655 87.265721
6.783392 -8.083408 1.304721 87.393583
6.793397 -8.096123 1.305787 87.521455
6.803402 -8.108825 1.306855 87.649337
6.813407 -8.121512 1.307923 87.777229
6.823412 -8.134184 1.308993 87.905132
6.833417 -8.146841 1.310063 88.033045
6.843422 -8.159484 1.311134 88.160970
6.853427 -8.172112 1.312206 88.288905
6.863432 -8.184724 1.313279 88.416852
6.873437 -8.197321 1.314353 88.544810
6.883442 -8.209902 1.315428 88.672780
6.893447 -8.222468 1.316503 88.800762
6.903452 -8.235018 1.317580 88.928755
6.913457 -8.247552 1.318656 89.056761
6.923462 -8.260069 1.319734 89.184779
6.933467 -8.272570 1.320812 89.312810
6.943472 -8.285054 1.321891 89.440854
6.953477 -8.297522 1.322971 89.568910
6.963482 -8.309972 1.324051 89.696980
6.973487 -8.322405 1.325131 89.825063
6.983492 -8.334821 1.326212 89.953160
6.993497 -8.347219 1.327294 90.081271
7.003502 -8.359599 1.328376 90.209396
7.013507 -8.371962 1.329458 90.337535
7.023512 -8.384305 1.330541 90.465689
7.033517 -8.396631 1.331624 90.593858
7.043522 -8.408937 1.332708 90.722041
7.053527 -8.421225 1.333792 90.850240
7.063532 -8.433494 1.334876 90.978455
7.073537 -8.445743 1.335960 91.106685
7.083542 -8.457972 1.337045 91.234931
7.093547 -8.470181 1.338130 91.363194
7.103552 -8.482370 1.339215 91.491473
7.113557 -8.494539 1.340300 91.619769
7.123562 -8.506687 1.341385 91.748083
7.133567 -8.518815 1.342470 91.876413
7.143572 -8.530921 1.343556 92.004762
7.153577 -8.543005 1.344641 92.133128
7.163582 -8.555068 1.345726 92.261512
7.173587 -8.567108 1.346812 92.389915
7.183592 -8.579127 1.347897 92.518337
7.193597 -8.591122 1.348982 92.646779
7.203602 -8.603095 1.350067 92.775239
7.213607 -8.615045 1.351152 92.903720
7.223612 -8.626971 1.352237 93.032220
7.233617 -8.638873 1.353321 93.160741
7.243622 -8.650751 1.354405 93.289283
7.253627 -8.662605 1.355489 93.417846
7.263632 -8.674433 1.356573 93.546431
7.273637 -8.686237 1.357656 93.675038
7.283642 -8.698015 1.358739 93.803666
7.293647 -8.709767 1.359821 93.932317
7.303652 -8.721493 1.360903 94.060992
7.313657 -8.733193 1.361985 94.189689
7.323662 -8.744865 1.363066 94.318411
7.333667 -8.756511 1.364146 94.447156
7.343672 -8.768128 1.365226 94.575926
7.353677 -8.779717 1.366305 94.704721
7.363682 -8.791278 1.367384 94.833541
7.373687 -8.802811 1.368462 94.962387
7.383692 -8.814313 1.369539 95.091259
7.393697 -8.825786 1.370615 95.220158
7.403702 -8.837229 1.371691 95.349084
7.413707 -8.848642 1.372766 95.478038
7.423712 -8.860023 1.373840 95.607019
7.433717 -8.871373 1.374913 95.736029
7.443722 -8.882691 1.375986 95.865068
7.453727 -8.893976 1.377057 95.994136
7.463732 -8.905229 1.378127 96.123235
7.473737 -8.916448 1.379197 96.252364
7.483742 -8.927633 1.380265 96.381523
7.493747 -8.938784 1.381332 96.510715
7.503752 -8.949901 1.382398 96.639938
7.513757 -8.960981 1.383463 96.769194
7.523762 -8.972026 1.384526 96.898483
7.533767 -8.983034 1.385588 97.027805
7.543772 -8.994006 1.386649 97.157162
7.553777 -9.004939 1.387709 97.286554
7.563782 -9.015835 1.388767 97.415981
7.573787 -9.026692 1.389824 97.545444
7.583792 -9.037509 1.390880 97.674944
7.593797 -9.048286 1.391933 97.804481
7.603802 -9.059023 1.392986 97.934057
7.613807 -9.069719 1.394036 98.063670
7.623812 -9.080373 1.395085 98.193323
7.633817 -9.090984 1.396133 98.323016
7.643822 -9.101552 1.397178 98.452750
7.653827 -9.112076 1.398222 98.582524
7.663832 -9.122556 1.399264 98.712341
7.673837 -9.132990 1.400304 98.842201
7.683842 -9.143378 1.401342 98.972104
7.693847 -9.153720 1.402378 99.102051
7.703852 -9.164014 1.403413 99.232043
7.713857 -9.174260 1.404445 99.362081
7.723862 -9.184457 1.405474 99.492166
7.733867 -9.194604 1.406502 99.622298
7.743872 -9.204701 1.407528 99.752478
7.753877 -9.214746 1.408551 99.882707
7.763882 -9.224739 1.409572 100.012986
7.773887 -9.234679 1.410590 100.143316
7.783892 -9.244566 1.411606 100.273697
7.793897 -9.254397 1.412619 100.404131
7.803902 -9.264172 1.413630 100.534618
7.813907 -9.273891 1.414638 100.665160
7.823912 -9.283553 1.415643 100.795757
7.833917 -9.293156 1.416646 100.926410
7.843922 -9.302700 1.417645 101.057121
7.853927 -9.312183 1.418642 101.187889
7.863932 -9.321605 1.419636 101.318717
7.873937 -9.330965 1.420626 101.449605
7.883942 -9.340261 1.421614 101.580555
7.893947 -9.349493 1.422598 101.711566
7.903952 -9.358660 1.423579 101.842641
7.913957 -9.367760 1.424557 101.973781
7.923962 -9.376792 1.425531 102.104986
7.933967 -9.385756 1.426502 102.236258
7.943972 -9.394650 1.427469 102.367597
7.953977 -9.403473 1.428433 102.499006
7.963982 -9.412224 1.429392 102.630484
7.973987 -9.420902 1.430348 102.762034
7.983992 -9.429505 1.431300 102.893657
7.993997 -9.438033 1.432248 103.025353
8.004002 -9.446484 1.433192 103.157124
8.014007 -9.454857 1.434131 103.288971
8.024012 -9.463151 1.435066 103.420896
8.034017 -9.471365 1.435997 103.552900
8.044022 -9.479496 1.436923 103.684983
8.054027 -9.487545 1.437845 103.817148
8.064032 -9.495509 1.438762 103.949395
8.074037 -9.503388 1.439674 104.081726
8.084042 -9.511180 1.440581 104.214143
8.094047 -9.518883 1.441484 104.346646
8.104052 -9.526497 1.442381 104.479237
8.114057 -9.534020 1.443273 104.611917
8.124062 -9.541451 1.444159 104.744688
8.134067 -9.548788 1.445040 104.877551
8.144072 -9.556030 1.445915 105.010508
8.154077 -9.563176 1.446785 105.143559
8.164082 -9.570224 1.447649 105.276706
8.174087 -9.577173 1.448506 105.409951
8.184092 -9.584022 1.449358 105.543295
8.194097 -9.590769 1.450203 105.676739
8.204102 -9.597413 1.451042 105.810285
8.214107 -9.603952 1.451874 105.943934
8.224112 -9.610386 1.452700 106.077688
8.234117 -9.616712 1.453519 106.211547
8.244122 -9.622930 1.454331 106.345514
8.254127 -9.629038 1.455135 106.479589
8.264132 -9.635034 1.455933 106.613773
8.274137 -9.640919 1.456723 106.748069
8.284142 -9.646690 1.457505 106.882477
8.294147 -9.652346 1.458280 107.016999
8.304152 -9.657886 1.459047 107.151635
8.314157 -9.663309 1.459805 107.286388
8.324162 -9.668614 1.460555 107.421257
8.334167 -9.673799 1.461297 107.556245
8.344172 -9.678864 1.462031 107.691352
8.354177 -9.683807 1.462755 107.826580
8.364182 -9.688628 1.463471 107.961928
8.374187 -9.693326 1.464177 108.097399
8.384192 -9.697900 1.464874 108.232992
8.394197 -9.702349 1.465561 108.368710
8.404202 -9.706673 1.466239 108.504551
8.414207 -9.710870 1.466907 108.640518
8.424212 -9.714942 1.467565 108.776610
8.434217 -9.718886 1.468212 108.912829
8.444222 -9.722702 1.468849 109.049173
8.454227 -9.726392 1.469475 109.185645
8.464232 -9.729953 1.470090 109.322243
8.474237 -9.733387 1.470694 109.458968
8.484242 -9.736693 1.471287 109.595820
8.494247 -9.739871 1.471869 109.732799
8.504252 -9.742922 1.472438 109.869904
8.514257 -9.745847 1.472996 110.007134
8.524262 -9.748645 1.473541 110.144491
8.534267 -9.751318 1.474074 110.281971
8.544272 -9.753867 1.474595 110.419576
8.554277 -9.756292 1.475103 110.557303
8.564282 -9.758594 1.475598 110.695153
8.574287 -9.760776 1.476079 110.833122
8.584292 -9.762837 1.476548 110.971210
8.594297 -9.764781 1.477002 111.109416
8.604302 -9.766609 1.477443 111.247737
8.614307 -9.768323 1.477870 111.386172
8.624312 -9.769925 1.478283 111.524717
8.634317 -9.771418 1.478682 111.663372
8.644322 -9.772803 1.479066 111.802133
8.654327 -9.774084 1.479435 111.940998
8.664332 -9.775264 1.479789 112.079964
8.674337 -9.776345 1.480128 112.219028
8.684342 -9.777332 1.480452 112.358186
8.694347 -9.778226 1.480761 112.497436
8.704352 -9.779033 1.481054 112.636773
8.714357 -9.779755 1.481331 112.776195
8.724362 -9.780397 1.481592 112.915696
8.734367 -9.780962 1.481838 113.055273
8.744372 -9.781456 1.482067 113.194922
8.754377 -9.781882 1.482280 113.334638
8.764382 -9.782245 1.482476 113.474417
8.774387 -9.782549 1.482656 113.614254
8.784392 -9.782800 1.482819 113.754144
8.794397 -9.783002 1.482966 113.894083
8.804402 -9.783161 1.483096 114.034065
8.814407 -9.783281 1.483209 114.174085
8.824412 -9.783368 1.483305 114.314139
8.834417 -9.783427 1.483384 114.454220
8.844422 -9.783463 1.483446 114.594324
8.854427 -9.783483 1.483491 114.734445
8.864432 -9.783490 1.483519 114.874578
8.874437 -9.783491 1.483530 115.014717
8.884442 -9.783492 1.483523 115.154856
8.894447 -9.783497 1.483500 115.294991
8.904452 -9.783513 1.483459 115.435115
8.914457 -9.783544 1.483402 115.575224
8.924462 -9.783597 1.483327 115.715312
8.934467 -9.783676 1.483235 115.855373
8.944472 -9.783787 1.483127 115.995403
8.954477 -9.783935 1.483001 116.135395
8.964482 -9.784126 1.482859 116.275346
8.974487 -9.784364 1.482700 116.415249
8.984492 -9.784654 1.482524 116.555101
8.994497 -9.785001 1.482332 116.694895
9.004502 -9.785410 1.482124 116.834628
9.014507 -9.785886 1.481899 116.974295
9.024512 -9.786432 1.481658 117.113891
9.034517 -9.787054 1.481400 117.253412
9.044522 -9.787755 1.481127 117.392854
9.054527 -9.788539 1.480838 117.532214
9.064532 -9.789410 1.480534 117.671487
9.074537 -9.790372 1.480214 117.810669
9.084542 -9.791429 1.479879 117.949758
9.094547 -9.792583 1.479528 118.088749
9.104552 -9.793837 1.479163 118.227641
9.114557 -9.795195 1.478783 118.366429
9.124562 -9.796659 1.478388 118.505112
9.134567 -9.798233 1.477979 118.643686
9.144572 -9.799917 1.477556 118.782150
9.154577 -9.801715 1.477118 118.920501
9.164582 -9.803629 1.476667 119.058736
9.174587 -9.805660 1.476202 119.196855
9.184592 -9.807811 1.475724 119.334856
9.194597 -9.810081 1.475233 119.472736
9.204602 -9.812474 1.474728 119.610496
9.214607 -9.814991 1.474211 119.748132
9.224612 -9.817631 1.473681 119.885645
9.234617 -9.820397 1.473139 120.023034
9.244622 -9.823289 1.472584 120.160297
9.254627 -9.826307 1.472018 120.297435
9.264632 -9.829452 1.471439 120.434446
9.274637 -9.832725 1.470849 120.571331
9.284642 -9.836126 1.470248 120.708089
9.294647 -9.839654 1.469636 120.844721
9.304652 -9.843310 1.469012 120.981225
9.314657 -9.847094 1.468378 121.117602
9.324662 -9.851005 1.467734 121.253854
9.334667 -9.855043 1.467079 121.389979
9.344672 -9.859208 1.466413 121.525978
9.354677 -9.863499 1.465738 121.661852
9.364682 -9.867915 1.465053 121.797602
9.374687 -9.872457 1.464359 121.933227
9.384692 -9.877123 1.463655 122.068730
9.394697 -9.881912 1.462942 122.204110
9.404702 -9.886824 1.462220 122.339369
9.414707 -9.891857 1.461489 122.474507
9.424712 -9.897011 1.460749 122.609525
9.434717 -9.902285 1.460001 122.744426
9.444722 -9.907677 1.459244 122.879208
9.454727 -9.913187 1.458480 123.013875
9.464732 -9.918813 1.457707 123.148426
9.474737 -9.924554 1.456927 123.282864
9.484742 -9.930409 1.456139 123.417189
9.494747 -9.936377 1.455343 123.551402
9.504752 -9.942456 1.454540 123.685505
9.514757 -9.948646 1.453730 123.819500
9.524762 -9.954944 1.452913 123.953387
9.534767 -9.961349 1.452089 124.087168
9.544772 -9.967861 1.451259 124.220844
9.554777 -9.974478 1.450422 124.354416
9.564782 -9.981198 1.449578 124.487887
9.574787 -9.988021 1.448728 124.621257
9.584792 -9.994944 1.447872 124.754527
9.594797 -10.001967 1.447010 124.887700
9.604802 -10.009087 1.446142 125.020776
9.614807 -10.016305 1.445268 125.153757
9.624812 -10.023617 1.444388 125.286644
9.634817 -10.031024 1.443503 125.419439
9.644822 -10.038523 1.442613 125.552142
9.654827 -10.046113 1.441717 125.684756
9.664832 -10.053794 1.440816 125.817282
9.674837 -10.061563 1.439910 125.949721
9.684842 -10.069419 1.438999 126.082074
9.694847 -10.077361 1.438084 126.214343
9.704852 -10.085388 1.437163 126.346529
9.714857 -10.093498 1.436238 126.478634
9.724862 -10.101690 1.435308 126.610658
9.734867 -10.109963 1.434374 126.742603
9.744872 -10.118316 1.433436 126.874470
9.754877 -10.126747 1.432493 127.006261
9.764882 -10.135255 1.431547 127.137977
9.774887 -10.143839 1.430596 127.269618
9.784892 -10.152498 1.429641 127.401187
9.794897 -10.161230 1.428682 127.532684
9.804902 -10.170034 1.427720 127.664111
9.814907 -10.178910 1.426754 127.795468
9.824912 -10.187856 1.425784 127.926757
9.834917 -10.196870 1.424810 128.057980
9.844922 -10.205953 1.423834 128.189136
9.854927 -10.215102 1.422853 128.320228
9.864932 -10.224317 1.421870 128.451256
9.874937 -10.233597 1.420883 128.582221
9.884942 -10.242940 1.419893 128.713125
9.894947 -10.252346 1.418900 128.843968
9.904952 -10.261814 1.417905 128.974752
9.914957 -10.271342 1.416906 129.105478
9.924962 -10.280930 1.415904 129.236146
9.934967 -10.290576 1.414899 129.366757
9.944972 -10.300280 1.413892 129.497313
9.954977 -10.310041 1.412882 129.627815
9.964982 -10.319858 1.411869 129.758262
9.974987 -10.329730 1.410854 129.888657
9.984992 -10.339656 1.409836 130.019000
9.994997 -10.349636 1.408816 130.149292
10.005003 -10.359668 1.407794 130.279534
10.015008 -10.369751 1.406769 130.409727
10.025013 -10.379885 1.405742 130.539872
10.035018 -10.390069 1.404712 130.669968
10.045023 -10.400303 1.403681 130.800018
10.055028 -10.410584 1.402647 130.930023
10.065033 -10.420914 1.401612 131.059981
10.075038 -10.431290 1.400574 131.189896
10.085043 -10.441713 1.399534 131.319767
10.095048 -10.452181 1.398493 131.449594
10.105053 -10.462693 1.397450 131.579380
10.115058 -10.473250 1.396404 131.709124
10.125063 -10.483850 1.395358 131.838827
10.135068 -10.494493 1.394309 131.968491
10.145073 -10.505178 1.393259 132.098114
10.155078 -10.515904 1.392207 132.227700
10.165083 -10.526671 1.391153 132.357246
10.175088 -10.537478 1.390098 132.486756
10.185093 -10.548324 1.389042 132.616229
10.195098 -10.559210 1.387984 132.745665
10.205103 -10.570133 1.386925 132.875066
10.215108 -10.581095 1.385864 133.004432
10.225113 -10.592094 1.384802 133.133763
10.235118 -10.603129 1.383739 133.263061
10.245123 -10.614201 1.382675 133.392326
10.255128 -10.625308 1.381609 133.521557
10.265133 -10.636450 1.380542 133.650757
10.275138 -10.647626 1.379474 133.779925
10.285143 -10.658837 1.378405 133.909061
10.295148 -10.670081 1.377335 134.038168
10.305153 -10.681358 1.376264 134.167244
10.315158 -10.692667 1.375192 134.296290
10.325163 -10.704009 1.374119 134.425308
10.335168 -10.715382 1.373045 134.554297
10.345173 -10.726786 1.371970 134.683257
10.355178 -10.738221 1.370895 134.812190
10.365183 -10.749687 1.369819 134.941096
10.375188 -10.761182 1.368742 135.069975
10.385193 -10.772706 1.367664 135.198828
10.395198 -10.784260 1.366585 135.327655
10.405203 -10.795842 1.365506 135.456457
10.415208 -10.807452 1.364427 135.585233
10.425213 -10.819090 1.363346 135.713985
10.435218 -10.830756 1.362265 135.842712
10.445223 -10.842448 1.361184 135.971416
10.455228 -10.854167 1.360102 136.100096
10.465233 -10.865913 1.359020 136.228753
10.475238 -10.877684 1.357937 136.357388
10.485243 -10.889481 1.356854 136.486000
10.495248 -10.901303 1.355770 136.614590
10.505253 -10.913150 1.354687 136.743159
10.515258 -10.925022 1.353603 136.871706
10.525263 -10.936918 1.352518 137.000233
10.535268 -10.948838 1.351434 137.128739
10.545273 -10.960781 1.350349 137.257224
10.555278 -10.972748 1.349264 137.385690
10.565283 -10.984738 1.348179 137.514136
10.575288 -10.996751 1.347094 137.642563
10.585293 -11.008785 1.346008 137.770971
10.595298 -11.020842 1.344923 137.899361
10.605303 -11.032921 1.343838 138.027732
10.615308 -11.045022 1.342752 138.156084
10.625313 -11.057143 1.341667 138.284420
10.635318 -11.069286 1.340582 138.412737
10.645323 -11.081450 1.339496 138.541038
10.655328 -11.093634 1.338411 138.669321
10.665333 -11.105838 1.337327 138.797588
10.675338 -11.118062 1.336242 138.925839
10.685343 -11.130306 1.335157 139.054073
10.695348 -11.142569 1.334073 139.182292
10.705353 -11.154852 1.332989 139.310495
10.715358 -11.167154 1.331906 139.438682
10.725363 -11.179474 1.330822 139.566855
10.735368 -11.191813 1.329739 139.695013
10.745373 -11.204171 1.328657 139.823156
10.755378 -11.216546 1.327575 139.951284
10.765383 -11.228940 1.326493 140.079399
10.775388 -11.241351 1.325412 140.207499
10.785393 -11.253780 1.324331 140.335586
10.795398 -11.266225 1.323251 140.463659
10.805403 -11.278689 1.322171 140.591719
10.815408 -11.291169 1.321092 140.719766
10.825413 -11.303665 1.320014 140.847800
10.835418 -11.316178 1.318936 140.975822
10.845423 -11.328708 1.317859 141.103831
10.855428 -11.341253 1.316783 141.231828
10.865433 -11.353815 1.315707 141.359812
10.875438 -11.366392 1.314632 141.487785
10.885443 -11.378985 1.313558 141.615746
10.895448 -11.391594 1.312485 141.743696
10.905453 -11.404218 1.311413 141.871635
10.915458 -11.416856 1.310341 141.999562
10.925463 -11.429510 1.309270 142.127478
10.935468 -11.442178 1.308201 142.255384
10.945473 -11.454861 1.307132 142.383279
10.955478 -11.467559 1.306064 142.511163
10.965483 -11.480271 1.304998 142.639038
10.975488 -11.492997 1.303932 142.766902
10.985493 -11.505737 1.302867 142.894756
10.995498 -11.518490 1.301804 143.022601
11.005503 -11.531258 1.300742 143.150436
11.015508 -11.544039 1.299681 143.278262
11.025513 -11.556833 1.298621 143.406078
11.035518 -11.569641 1.297562 143.533885
11.045523 -11.582462 1.296504 143.661683
11.055528 -11.595296 1.295448 143.789472
11.065533 -11.608142 1.294393 143.917253
11.075538 -11.621002 1.293340 144.045025
11.085543 -11.633874 1.292288 144.172788
11.095548 -11.646758 1.291237 144.300544
11.105553 -11.659655 1.290188 144.428291
11.115558 -11.672565 1.289140 144.556030
11.125563 -11.685486 1.288093 144.683761
11.135568 -11.698419 1.287048 144.811485
11.145573 -11.711364 1.286005 144.939201
11.155578 -11.724321 1.284963 145.066909
11.165583 -11.737290 1.283923 145.194610
11.175588 -11.750270 1.282885 145.322304
11.185593 -11.763261 1.281848 145.449991
11.195598 -11.776264 1.280813 145.577670
11.205603 -11.789278 1.279780 145.705343
11.215608 -11.802303 1.278748 145.833009
11.225613 -11.815339 1.277718 145.960668
11.235618 -11.828386 1.276690 146.088321
11.245623 -11.841444 1.275664 146.215968
11.255628 -11.854512 1.274640 146.343608
11.265633 -11.867592 1.273617 146.471241
11.275638 -11.880681 1.272597 146.598869
11.285643 -11.893781 1.271579 146.726491
11.295648 -11.906891 1.270562 146.854107
11.305653 -11.920012 1.269548 146.981716
11.315658 -11.933142 1.268536 147.109321
11.325663 -11.946283 1.267525 147.236919
11.335668 -11.959433 1.266517 147.364513
11.345673 -11.972594 1.265511 147.492100
11.355678 -11.985764 1.264508 147.619683
11.365683 -11.998943 1.263506 147.747260
11.375688 -12.012133 1.262507 147.874832
11.385693 -12.025331 1.261510 148.002399
11.395698 -12.038540 1.260515 148.129961
11.405703 -12.051757 1.259523 148.257518
11.415708 -12.064984 1.258533 148.385070
11.425713 -12.078220 1.257545 148.512618
11.435718 -12.091465 1.256560 148.640161
11.445723 -12.104719 1.255578 148.767700
11.455728 -12.117982 1.254598 148.895234
11.465733 -12.131253 1.253620 149.022764
11.475738 -12.144534 1.252645 149.150289
11.485743 -12.157823 1.251673 149.277810
11.495748 -12.171121 1.250703 149.405327
11.505753 -12.184427 1.249736 149.532841
11.515758 -12.197742 1.248772 149.660350
11.525763 -12.211065 1.247810 149.787855
11.535768 -12.224397 1.246851 149.915356
11.545773 -12.237736 1.245895 150.042854
11.555778 -12.251084 1.244942 150.170348
11.565783 -12.264441 1.243992 150.297838
11.575788 -12.277805 1.243044 150.425325
11.585793 -12.291177 1.242100 150.552808
11.595798 -12.304557 1.241158 150.680288
11.605803 -12.317945 1.240219 150.807764
11.615808 -12.331340 1.239284 150.935237
11.625813 -12.344744 1.238351 151.062707
11.635818 -12.358155 1.237422 151.190174
11.645823 -12.371573 1.236496 151.317638
11.655828 -12.385000 1.235573 151.445098
11.665833 -12.398433 1.234653 151.572556
11.675838 -12.411874 1.233736 151.700011
11.685843 -12.425322 1.232822 151.827463
11.695848 -12.438778 1.231912 151.954912
11.705853 -12.452241 1.231005 152.082358
11.715858 -12.465711 1.230102 152.209802
11.725863 -12.479188 1.229202 152.337243
11.735868 -12.492672 1.228305 152.464682
11.745873 -12.506163 1.227412 152.592118
11.755878 -12.519661 1.226522 152.719551
11.765883 -12.533166 1.225636 152.846982
11.775888 -12.546678 1.224753 152.974411
11.785893 -12.560196 1.223874 153.101837
11.795898 -12.573721 1.222999 153.229261
11.805903 -12.587253 1.222127 153.356683
11.815908 -12.600792 1.221259 153.484103
11.825913 -12.614337 1.220395 153.611521
11.835918 -12.627888 1.219534 153.738936
11.845923 -12.641446 1.218677 153.866350
11.855928 -12.655010 1.217824 153.993761
11.865933 -12.668580 1.216975 154.121171
11.875938 -12.682157 1.216130 154.248579
11.885943 -12.695740 1.215288 154.375984
11.895948 -12.709329 1.214451 154.503388
11.905953 -12.722925 1.213617 154.630791
11.915958 -12.736526 1.212788 154.758191
11.925963 -12.750133 1.211963 154.885590
11.935968 -12.763747 1.211141 155.012987
11.945973 -12.777366 1.210324 155.140383
11.955978 -12.790991 1.209511 155.267777
11.965983 -12.804622 1.208702 155.395170
11.975988 -12.818258 1.207898 155.522561
11.985993 -12.831901 1.207097 155.649950
11.995998 -12.845549 1.206301 155.777339
12.006003 -12.859202 1.205510 155.904725
12.016008 -12.872861 1.204722 156.032111
12.026013 -12.886526 1.203939 156.159495
12.036018 -12.900196 1.203161 156.286878
12.046023 -12.913872 1.202387 156.414259
12.056028 -12.927553 1.201617 156.541640
12.066033 -12.941239 1.200852 156.669019
12.076038 -12.954931 1.200091 156.796397
12.086043 -12.968627 1.199335 156.923774
12.096048 -12.982329 1.198584 157.051150
12.106053 -12.996037 1.197837 157.178525
12.116058 -13.009749 1.197095 157.305899
12.126063 -13.023466 1.196357 157.433271
12.136068 -13.037188 1.195625 157.560643
12.146073 -13.050916 1.194897 157.688014
12.156078 -13.064648 1.194174 157.815384
12.166083 -13.078385 1.193456 157.942753
12.176088 -13.092127 1.192742 158.070121
12.186093 -13.105873 1.192034 158.197489
12.196098 -13.119625 1.191330 158.324855
12.206103 -13.133381 1.190632 158.452221
12.216108 -13.147141 1.189938 158.579586
12.226113 -13.160907 1.189249 158.706951
12.236118 -13.174676 1.188566 158.834314
12.246123 -13.188451 1.187887 158.961677
12.256128 -13.202230 1.187214 159.089039
12.266133 -13.216013 1.186546 159.216401
12.276138 -13.229800 1.185883 159.343762
12.286143 -13.243592 1.185225 159.471122
12.296148 -13.257389 1.184572 159.598482
12.306153 -13.271189 1.183925 159.725841
12.316158 -13.284994 1.183283 159.853200
12.326163 -13.298803 1.182646 159.980558
12.336168 -13.312616 1.182015 160.107916
12.346173 -13.326433 1.181389 160.235273
12.356178 -13.340254 1.180769 160.362630
12.366183 -13.354079 1.180154 160.489986
12.376188 -13.367908 1.179544 160.617342
12.386193 -13.381741 1.178940 160.744697
12.396198 -13.395578 1.178341 160.872052
12.406203 -13.409419 1.177748 160.999407
12.416208 -13.423263 1.177161 161.126761
12.426213 -13.437111 1.176579 161.254115
12.436218 -13.450963 1.176003 161.381469
12.446223 -13.464819 1.175432 161.508822
12.456228 -13.478678 1.174867 161.636175
12.466233 -13.492541 1.174308 161.763528
12.476238 -13.506407 1.173755 161.890880
12.486243 -13.520277 1.173207 162.018232
12.496248 -13.534150 1.172666 162.145584
12.506253 -13.548027 1.172130 162.272936
12.516258 -13.561907 1.171599 162.400287
12.526263 -13.575790 1.171075 162.527638
12.536268 -13.589677 1.170557 162.654989
12.546273 -13.603566 1.170045 162.782340
12.556278 -13.617459 1.169538 162.909691
12.566283 -13.631355 1.169038 163.037041
12.576288 -13.645255 1.168543 163.164392
12.586293 -13.659157 1.168055 163.291742
12.596298 -13.673062 1.167573 163.419092
12.606303 -13.686971 1.167096 163.546442
12.616308 -13.700882 1.166626 163.673791
12.626313 -13.714796 1.166162 163.801141
12.636318 -13.728713 1.165704 163.928491
12.646323 -13.742633 1.165253 164.055840
12.656328 -13.756556 1.164807 164.183189
12.666333 -13.770481 1.164368 164.310539
12.676338 -13.784409 1.163935 164.437888
12.686343 -13.798340 1.163508 164.565237
12.696348 -13.812273 1.163088 164.692586
12.706353 -13.826209 1.162674 164.819935
12.716358 -13.840148 1.162266 164.947284
12.726363 -13.854089 1.161864 165.074633
12.736368 -13.868032 1.161469 165.201982
12.746373 -13.881978 1.161080 165.329331
12.756378 -13.895926 1.160698 165.456679
12.766383 -13.909877 1.160322 165.584028
12.776388 -13.923829 1.159953 165.711377
12.786393 -13.937784 1.159590 165.838726
12.796398 -13.951742 1.159233 165.966075
12.806403 -13.965701 1.158883 166.093423
12.816408 -13.979663 1.158540 166.220772
12.826413 -13.993626 1.158203 166.348121
12.836418 -14.007592 1.157873 166.475470
12.846423 -14.021559 1.157549 166.602818
12.856428 -14.035529 1.157232 166.730167
12.866433 -14.049500 1.156921 166.857516
12.876438 -14.063474 1.156617 166.984865
12.886443 -14.077449 1.156320 167.112214
12.896448 -14.091426 1.156029 167.239562
12.906453 -14.105404 1.155746 167.366911
12.916458 -14.119385 1.155468 167.494260
12.926463 -14.133367 1.155198 167.621609
12.936468 -14.147350 1.154934 167.748958
12.946473 -14.161335 1.154677 167.876307
12.956478 -14.175322 1.154426 168.003656
12.966483 -14.189310 1.154183 168.131005
12.976488 -14.203300 1.153946 168.258354
12.986493 -14.217291 1.153716 168.385703
12.996498 -14.231284 1.153493 168.513053
13.006503 -14.245277 1.153276 168.640402
13.016508 -14.259272 1.153067 168.767751
13.026513 -14.273269 1.152864 168.895100
13.036518 -14.287266 1.152668 169.022450
13.046523 -14.301265 1.152479 169.149799
13.056528 -14.315265 1.152297 169.277148
13.066533 -14.329266 1.152122 169.404498
13.076538 -14.343267 1.151953 169.531847
13.086543 -14.357270 1.151792 169.659197
13.096548 -14.371274 1.151637 169.786546
13.106553 -14.385279 1.151489 169.913896
13.116558 -14.399285 1.151348 170.041245
13.126563 -14.413291 1.151214 170.168595
13.136568 -14.427298 1.151087 170.295945
13.146573 -14.441306 1.150967 170.423294
13.156578 -14.455315 1.150854 170.550644
13.166583 -14.469324 1.150748 170.677994
13.176588 -14.483334 1.150649 170.805343
13.186593 -14.497345 1.150557 170.932693
13.196598 -14.511356 1.150472 171.060043
13.206603 -14.525367 1.150393 171.187393
13.216608 -14.539379 1.150322 171.314743
13.226613 -14.553391 1.150258 171.442092
13.236618 -14.567404 1.150200 171.569442
13.246623 -14.581417 1.150150 171.696792
13.256628 -14.595431 1.150107 171.824142
13.266633 -14.609444 1.150070 171.951492
13.276638 -14.623458 1.150041 172.078842
13.286643 -14.637472 1.150019 172.206192
13.296648 -14.651486 1.150003 172.333542
13.306653 -14.665500 1.149995 172.460892
13.316658 -14.679514 1.149994 172.588241
13.326663 -14.693528 1.149999 172.715591
13.336668 -14.707542 1.150012 172.842941
13.346673 -14.721556 1.150032 172.970291
13.356678 -14.735570 1.150058 173.097641
13.366683 -14.749584 1.150092 173.224991
13.376688 -14.763597 1.150132 173.352341
13.386693 -14.777610 1.150180 173.479691
13.396698 -14.791623 1.150235 173.607041
13.406703 -14.805636 1.150296 173.734390
13.416708 -14.819648 1.150365 173.861740
13.426713 -14.833660 1.150440 173.989090
13.436718 -14.847671 1.150523 174.116440
13.446723 -14.861682 1.150612 174.243790
13.456728 -14.875692 1.150709 174.371139
13.466733 -14.889701 1.150812 174.498489
13.476738 -14.903710 1.150923 174.625839
13.486743 -14.917718 1.151040 174.753188
13.496748 -14.931726 1.151164 174.880538
13.506753 -14.945733 1.151295 175.007888
13.516758 -14.959739 1.151433 175.135237
13.526763 -14.973744 1.151579 175.262587
13.536768 -14.987748 1.151730 175.389936
13.546773 -15.001751 1.151889 175.517286
13.556778 -15.015753 1.152055 175.644635
13.566783 -15.029755 1.152228 175.771985
13.576788 -15.043755 1.152407 175.899334
13.586793 -15.057754 1.152594 176.026684
13.596798 -15.071752 1.152787 176.154033
13.606803 -15.085749 1.152987 176.281382
13.616808 -15.099744 1.153194 176.408731
13.626813 -15.113739 1.153408 176.536081
13.636818 -15.127732 1.153628 176.663430
13.646823 -15.141723 1.153856 176.790779
13.656828 -15.155713 1.154090 176.918128
13.666833 -15.169702 1.154331 177.045477
13.676838 -15.183690 1.154578 177.172826
13.686843 -15.197675 1.154833 177.300175
13.696848 -15.211660 1.155094 177.427524
13.706853 -15.225642 1.155362 177.554873
13.716858 -15.239623 1.155637 177.682222
13.726863 -15.253603 1.155918 177.809571
13.736868 -15.267580 1.156206 177.936920
13.746873 -15.281556 1.156501 178.064269
13.756878 -15.295530 1.156802 178.191617
13.766883 -15.309502 1.157110 178.318966
13.776888 -15.323473 1.157425 178.446315
13.786893 -15.337441 1.157746 178.573664
13.796898 -15.351407 1.158074 178.701013
13.806903 -15.365372 1.158408 178.828361
13.816908 -15.379334 1.158749 178.955710
13.826913 -15.393294 1.159096 179.083059
13.836918 -15.407252 1.159450 179.210408
13.846923 -15.421208 1.159811 179.337756
13.856928 -15.435162 1.160177 179.465105
13.866933 -15.449113 1.160551 179.592454
13.876938 -15.463062 1.160931 179.719803
13.886943 -15.477009 1.161317 179.847152
13.896948 -15.490953 1.161710 179.974500
13.906953 -15.504895 1.162109 180.101849
13.916958 -15.518835 1.162514 180.229198
13.926963 -15.532771 1.162926 180.356547
13.936968 -15.546706 1.163344 180.483896
13.946973 -15.560638 1.163768 180.611245
13.956978 -15.574567 1.164198 180.738595
13.966983 -15.588493 1.164635 180.865944
13.976988 -15.602417 1.165078 180.993293
13.986993 -15.616338 1.165528 181.120642
13.996998 -15.630256 1.165983 181.247992
14.007004 -15.644171 1.166445 181.375342
14.017009 -15.658084 1.166912 181.502691
14.027014 -15.671993 1.167386 181.630041
14.037019 -15.685900 1.167866 181.757391
14.047024 -15.699803 1.168352 181.884741
14.057029 -15.713704 1.168844 182.012091
14.067034 -15.727601 1.169342 182.139442
14.077039 -15.741495 1.169847 182.266792
14.087044 -15.755386 1.170357 182.394143
14.097049 -15.769274 1.170873 182.521494
14.107054 -15.783159 1.171395 182.648845
14.117059 -15.797040 1.171922 182.776197
14.127064 -15.810918 1.172456 182.903548
14.137069 -15.824793 1.172996 183.030900
14.147074 -15.838664 1.173541 183.158252
14.157079 -15.852531 1.174092 183.285604
14.167084 -15.866395 1.174649 183.412957
14.177089 -15.880256 1.175211 183.540310
14.187094 -15.894113 1.175780 183.667663
14.197099 -15.907966 1.176354 183.795016
14.207104 -15.921816 1.176933 183.922370
14.217109 -15.935662 1.177519 184.049724
14.227114 -15.949504 1.178110 184.177079
14.237119 -15.963342 1.178706 184.304434
14.247124 -15.977177 1.179308 184.431789
14.257129 -15.991008 1.179915 184.559145
14.267134 -16.004834 1.180528 184.686501
14.277139 -16.018657 1.181147 184.813857
14.287144 -16.032476 1.181771 184.941214
14.297149 -16.046290 1.182400 185.068572
14.307154 -16.060101 1.183034 185.195930
14.317159 -16.073907 1.183674 185.323288
14.327164 -16.087709 1.184320 185.450647
14.337169 -16.101507 1.184970 185.578007
14.347174 -16.115301 1.185626 185.705367
14.357179 -16.129090 1.186287 185.832728
14.367184 -16.142875 1.186953 185.960089
14.377189 -16.156656 1.187624 186.087451
14.387194 -16.170432 1.188301 186.214814
14.397199 -16.184203 1.188982 186.342177
14.407204 -16.197970 1.189669 186.469541
14.417209 -16.211733 1.190361 186.596906
14.427214 -16.225491 1.191057 186.724271
14.437219 -16.239244 1.191759 186.851638
14.447224 -16.252992 1.192466 186.979005
14.457229 -16.266736 1.193177 187.106373
14.467234 -16.280475 1.193893 187.233741
14.477239 -16.294209 1.194615 187.361111
14.487244 -16.307938 1.195341 187.488481
14.497249 -16.321662 1.196071 187.615853
14.507254 -16.335382 1.196807 187.743225
14.517259 -16.349096 1.197547 187.870599
14.527264 -16.362805 1.198292 187.997973
14.537269 -16.376509 1.199042 188.125349
14.547274 -16.390208 1.199796 188.252725
14.557279 -16.403901 1.200555 188.380103
14.567284 -16.417590 1.201318 188.507482
14.577289 -16.431273 1.202086 188.634862
14.587294 -16.444950 1.202859 188.762243
14.597299 -16.458623 1.203635 188.889625
14.607304 -16.472289 1.204417 189.017009
14.617309 -16.485951 1.205202 189.144394
14.627314 -16.499607 1.205992 189.271780
14.637319 -16.513257 1.206787 189.399168
14.647324 -16.526901 1.207585 189.526557
14.657329 -16.540540 1.208388 189.653947
14.667334 -16.554173 1.209196 189.781339
14.677339 -16.567801 1.210007 189.908732
14.687344 -16.581422 1.210822 190.036127
14.697349 -16.595038 1.211642 190.163524
14.707354 -16.608647 1.212466 190.290922
14.717359 -16.622251 1.213294 190.418322
14.727364 -16.635849 1.214126 190.545724
14.737369 -16.649440 1.214961 190.673127
14.747374 -16.663026 1.215801 190.800532
14.757379 -16.676605 1.216645 190.927939
14.767384 -16.690178 1.217493 191.055348
14.777389 -16.703744 1.218344 191.182759
14.787394 -16.717305 1.219200 191.310172
14.797399 -16.730859 1.220059 191.437587
14.807404 -16.744406 1.220922 191.565003
14.817409 -16.757947 1.221788 191.692422
14.827414 -16.771481 1.222659 191.819843
14.837419 -16.785009 1.223533 191.947267
14.847424 -16.798530 1.224410 192.074692
14.857429 -16.812045 1.225292 192.202120
14.867434 -16.825552 1.226176 192.329550
14.877439 -16.839053 1.227065 192.456983
14.887444 -16.852547 1.227957 192.584418
14.897449 -16.866034 1.228852 192.711855
14.907454 -16.879513 1.229751 192.839295
14.917459 -16.892986 1.230653 192.966738
14.927464 -16.906452 1.231559 193.094183
14.937469 -16.919910 1.232467 193.221631
14.947474 -16.933361 1.233380 193.349082
14.957479 -16.946805 1.234295 193.476536
14.967484 -16.960242 1.235214 193.603992
14.977489 -16.973671 1.236136 193.731452
14.987494 -16.987092 1.237061 193.858914
14.997499 -17.000506 1.237989 193.986380
15.007504 -17.013913 1.238920 194.113849
15.017509 -17.027311 1.239855 194.241320
15.027514 -17.040702 1.240792 194.368796
15.037519 -17.054085 1.241732 194.496274
15.047524 -17.067461 1.242676 194.623756
15.057529 -17.080828 1.243622 194.751241
15.067534 -17.094187 1.244571 194.878730
15.077539 -17.107538 1.245523 195.006223
15.087544 -17.120881 1.246478 195.133719
15.097549 -17.134216 1.247436 195.261219
15.107554 -17.147542 1.248397 195.388722
15.117559 -17.160861 1.249360 195.516230
15.127564 -17.174170 1.250326 195.643741
15.137569 -17.187471 1.251295 195.771257
15.147574 -17.200764 1.252266 195.898777
15.157579 -17.214048 1.253240 196.026300
15.167584 -17.227323 1.254217 196.153828
15.177589 -17.240589 1.255196 196.281361
15.187594 -17.253847 1.256177 196.408898
15.197599 -17.267095 1.257161 196.536439
15.207604 -17.280335 1.258148 196.663985
15.217609 -17.293565 1.259137 196.791535
15.227614 -17.306786 1.260128 196.919091
15.237619 -17.319998 1.261122 197.046651
15.247624 -17.333200 1.262118 197.174216
15.257629 -17.346393 1.263116 197.301786
15.267634 -17.359577 1.264117 197.429361
15.277639 -17.372751 1.265120 197.556941
15.287644 -17.385915 1.266125 197.684527
15.297649 -17.399069 1.267132 197.812118
15.307654 -17.412213 1.268142 197.939715
15.317659 -17.425348 1.269153 198.067317
15.327664 -17.438472 1.270167 198.194924
15.337669 -17.451587 1.271182 198.322538
15.347674 -17.464690 1.272200 198.450157
15.357679 -17.477784 1.273220 198.577783
15.367684 -17.490867 1.274241 198.705414
15.377689 -17.503940 1.275265 198.833052
15.387694 -17.517002 1.276290 198.960695
15.397699 -17.530053 1.277317 199.088346
15.407704 -17.543093 1.278347 199.216003
15.417709 -17.556123 1.279377 199.343666
15.427714 -17.569141 1.280410 199.471336
15.437719 -17.582148 1.281445 199.599013
15.447724 -17.595144 1.282481 199.726697
15.457729 -17.608129 1.283519 199.854388
15.467734 -17.621102 1.284558 199.982086
15.477739 -17.634063 1.285599 200.109792
15.487744 -17.647013 1.286642 200.237505
15.497749 -17.659951 1.287686 200.365225
15.507754 -17.672877 1.288732 200.492953
15.517759 -17.685791 1.289779 200.620689
15.527764 -17.698692 1.290828 200.748433
15.537769 -17.711582 1.291878 200.876186
15.547774 -17.724459 1.292930 201.003946
15.557779 -17.737323 1.293983 201.131715
15.567784 -17.750175 1.295037 201.259492
15.577789 -17.763014 1.296093 201.387278
15.587794 -17.775840 1.297150 201.515072
15.597799 -17.788652 1.298208 201.642876
15.607804 -17.801452 1.299267 201.770689
15.617809 -17.814238 1.300328 201.898511
15.627814 -17.827011 1.301390 202.026342
15.637819 -17.839770 1.302453 202.154183
15.647824 -17.852516 1.303517 202.282033
15.657829 -17.865247 1.304582 202.409894
15.667834 -17.877964 1.305649 202.537764
15.677839 -17.890667 1.306716 202.665645
15.687844 -17.903356 1.307784 202.793536
15.697849 -17.916030 1.308854 202.921437
15.707854 -17.928690 1.309924 203.049349
15.717859 -17.941334 1.310995 203.177272
15.727864 -17.953964 1.312067 203.305206
15.737869 -17.966578 1.313140 203.433151
15.747874 -17.979177 1.314214 203.561108
15.757879 -17.991761 1.315288 203.689076
15.767884 -18.004328 1.316364 203.817056
15.777889 -18.016880 1.317440 203.945049
15.787894 -18.029416 1.318517 204.073053
15.797899 -18.041936 1.319594 204.201069
15.807904 -18.054439 1.320672 204.329099
15.817909 -18.066925 1.321751 204.457140
15.827914 -18.079395 1.322830 204.585195
15.837919 -18.091848 1.323910 204.713263
15.847924 -18.104283 1.324991 204.841345
15.857929 -18.116701 1.326072 204.969440
15.867934 -18.129102 1.327153 205.097549
15.877939 -18.141484 1.328235 205.225672
15.887944 -18.153849 1.329318 205.353810
15.897949 -18.166195 1.330400 205.481961
15.907954 -18.178523 1.331484 205.610128
15.917959 -18.190832 1.332567 205.738310
15.927964 -18.203122 1.333651 205.866507
15.937969 -18.215393 1.334735 205.994719
15.947974 -18.227644 1.335819 206.122948
15.957979 -18.239876 1.336904 206.251192
15.967984 -18.252088 1.337989 206.379452
15.977989 -18.264280 1.339074 206.507729
15.987994 -18.276451 1.340159 206.636023
15.997999 -18.288602 1.341244 206.764334
16.008004 -18.300732 1.342329 206.892663
16.018009 -18.312841 1.343415 207.021009
16.028014 -18.324928 1.344500 207.149372
16.038019 -18.336994 1.345585 207.277755
16.048024 -18.349037 1.346671 207.406155
16.058029 -18.361059 1.347756 207.534575
16.068034 -18.373057 1.348841 207.663013
16.078039 -18.385033 1.349926 207.791472
16.088044 -18.396986 1.351011 207.919949
16.098049 -18.408915 1.352096 208.048447
16.108054 -18.420820 1.353180 208.176966
16.118059 -18.432701 1.354264 208.305505
16.128064 -18.444558 1.355348 208.434065
16.138069 -18.456390 1.356432 208.562647
16.148074 -18.468197 1.357515 208.691251
16.158079 -18.479978 1.358598 208.819876
16.168084 -18.491734 1.359681 208.948525
16.178089 -18.503463 1.360763 209.077196
16.188094 -18.515166 1.361844 209.205891
16.198099 -18.526842 1.362925 209.334609
16.208104 -18.538491 1.364006 209.463351
16.218109 -18.550112 1.365086 209.592118
16.228114 -18.561705 1.366165 209.720909
16.238119 -18.573270 1.367244 209.849726
16.248124 -18.584806 1.368322 209.978569
16.258129 -18.596313 1.369399 210.107438
16.268134 -18.607789 1.370476 210.236333
16.278139 -18.619236 1.371552 210.365256
16.288144 -18.630653 1.372627 210.494205
16.298149 -18.642038 1.373701 210.623183
16.308154 -18.653392 1.374774 210.752190
16.318159 -18.664714 1.375846 210.881225
16.328164 -18.676004 1.376918 211.010289
16.338169 -18.687261 1.377988 211.139384
16.348174 -18.698484 1.379058 211.268508
16.358179 -18.709674 1.380126 211.397664
16.368184 -18.720830 1.381193 211.526851
16.378189 -18.731950 1.382259 211.656070
16.388194 -18.743036 1.383324 211.785322
16.398199 -18.754085 1.384388 211.914607
16.408204 -18.765098 1.385451 212.043925
16.418209 -18.776074 1.386512 212.173277
16.428214 -18.787013 1.387572 212.302664
16.438219 -18.797914 1.388630 212.432087
16.448224 -18.808775 1.389687 212.561546
16.458229 -18.819598 1.390743 212.691041
16.468234 -18.830380 1.391797 212.820573
16.478239 -18.841123 1.392849 212.950143
16.488244 -18.851824 1.393900 213.079752
16.498249 -18.862483 1.394949 213.209400
16.508254 -18.873100 1.395997 213.339087
16.518259 -18.883673 1.397043 213.468815
16.528264 -18.894203 1.398087 213.598585
16.538269 -18.904689 1.399129 213.728396
16.548274 -18.915129 1.400169 213.858250
16.558279 -18.925523 1.401208 213.988147
16.568284 -18.935871 1.402244 214.118089
16.578289 -18.946171 1.403278 214.248075
16.588294 -18.956424 1.404311 214.378107
16.598299 -18.966627 1.405341 214.508185
16.608304 -18.976781 1.406369 214.638311
16.618309 -18.986884 1.407395 214.768485
16.628314 -18.996936 1.408418 214.898708
16.638319 -19.006936 1.409439 215.028980
16.648324 -19.016883 1.410458 215.159303
16.658329 -19.026776 1.411474 215.289678
16.668334 -19.036615 1.412488 215.420105
16.678339 -19.046397 1.413499 215.550586
16.688344 -19.056124 1.414507 215.681120
16.698349 -19.065793 1.415513 215.811710
16.708354 -19.075404 1.416516 215.942356
16.718359 -19.084955 1.417516 216.073059
16.728364 -19.094446 1.418513 216.203820
16.738369 -19.103877 1.419507 216.334640
16.748374 -19.113244 1.420498 216.465520
16.758379 -19.122549 1.421486 216.596461
16.768384 -19.131789 1.422471 216.727465
16.778389 -19.140964 1.423452 216.858532
16.788394 -19.150073 1.424430 216.989663
16.798399 -19.159114 1.425405 217.120859
16.808404 -19.168087 1.426376 217.252122
16.818409 -19.176990 1.427344 217.383453
16.828414 -19.185823 1.428308 217.514852
16.838419 -19.194583 1.429268 217.646322
16.848424 -19.203271 1.430224 217.777862
16.858429 -19.211884 1.431177 217.909475
16.868434 -19.220422 1.432125 218.041162
16.878439 -19.228883 1.433069 218.172923
16.888444 -19.237266 1.434009 218.304761
16.898449 -19.245570 1.434945 218.436675
16.908454 -19.253794 1.435876 218.568669
16.918459 -19.261936 1.436803 218.700742
16.928464 -19.269996 1.437726 218.832896
16.938469 -19.277971 1.438643 218.965132
16.948474 -19.285861 1.439556 219.097452
16.958479 -19.293664 1.440464 219.229858
16.968484 -19.301379 1.441367 219.362350
16.978489 -19.309005 1.442265 219.494929
16.988494 -19.316540 1.443157 219.627598
16.998499 -19.323982 1.444044 219.760357
17.008504 -19.331332 1.444926 219.893208
17.018509 -19.338586 1.445802 220.026152
17.028514 -19.345745 1.446672 220.159191
17.038519 -19.352806 1.447537 220.292326
17.048524 -19.359768 1.448395 220.425558
17.058529 -19.366630 1.449248 220.558889
17.068534 -19.373390 1.450094 220.692320
17.078539 -19.380047 1.450933 220.825853
17.088544 -19.386600 1.451767 220.959488
17.098549 -19.393047 1.452593 221.093228
17.108554 -19.399388 1.453413 221.227073
17.118559 -19.405620 1.454226 221.361026
17.128564 -19.411742 1.455031 221.495087
17.138569 -19.417753 1.455830 221.629257
17.148574 -19.423653 1.456621 221.763538
17.158579 -19.429438 1.457404 221.897932
17.168584 -19.435109 1.458180 222.032439
17.178589 -19.440665 1.458947 222.167060
17.188594 -19.446103 1.459707 222.301798
17.198599 -19.451423 1.460458 222.436652
17.208604 -19.456624 1.461201 222.571624
17.218609 -19.461704 1.461936 222.706716
17.228614 -19.466663 1.462661 222.841927
17.238619 -19.471500 1.463378 222.977260
17.248624 -19.476214 1.464086 223.112715
17.258629 -19.480804 1.464784 223.248292
17.268634 -19.485270 1.465473 223.383994
17.278639 -19.489610 1.466152 223.519819
17.288644 -19.493824 1.466821 223.655769
17.298649 -19.497911 1.467480 223.791845
17.308654 -19.501872 1.468128 223.928047
17.318659 -19.505705 1.468767 224.064376
17.328664 -19.509411 1.469394 224.200831
17.338669 -19.512989 1.470011 224.337412
17.348674 -19.516439 1.470617 224.474121
17.358679 -19.519762 1.471211 224.610956
17.368684 -19.522957 1.471794 224.747919
17.378689 -19.526025 1.472365 224.885007
17.388694 -19.528966 1.472924 225.022222
17.398699 -19.531780 1.473471 225.159562
17.408704 -19.534470 1.474006 225.297026
17.418709 -19.537034 1.474528 225.434615
17.428714 -19.539475 1.475038 225.572327
17.438719 -19.541793 1.475534 225.710160
17.448724 -19.543990 1.476018 225.848114
17.458729 -19.546068 1.476488 225.986187
17.468734 -19.548027 1.476944 226.124377
17.478739 -19.549870 1.477387 226.262683
17.488744 -19.551598 1.477816 226.401103
17.498749 -19.553215 1.478230 226.539635
17.508754 -19.554721 1.478631 226.678276
17.518759 -19.556121 1.479017 226.817023
17.528764 -19.557415 1.479388 226.955875
17.538769 -19.558608 1.479744 227.094828
17.548774 -19.559702 1.480085 227.233879
17.558779 -19.560700 1.480411 227.373025
17.568784 -19.561606 1.480722 227.512263
17.578789 -19.562424 1.481017 227.651589
17.588794 -19.563157 1.481296 227.791000
17.598799 -19.563809 1.481559 227.930491
17.608804 -19.564384 1.481807 228.070058
17.618809 -19.564887 1.482038 228.209698
17.628814 -19.565322 1.482253 228.349406
17.638819 -19.565692 1.482451 228.489177
17.648824 -19.566004 1.482634 228.629006
17.658829 -19.566262 1.482799 228.768890
17.668834 -19.566470 1.482948 228.908823
17.678839 -19.566634 1.483080 229.048800
17.688844 -19.566759 1.483195 229.188816
17.698849 -19.566850 1.483293 229.328865
17.708854 -19.566912 1.483375 229.468943
17.718859 -19.566951 1.483439 229.609044
17.728864 -19.566972 1.483486 229.749163
17.738869 -19.566981 1.483516 229.889295
17.748874 -19.566983 1.483529 230.029433
17.758879 -19.566983 1.483525 230.169573
17.768884 -19.566988 1.483504 230.309709
17.778889 -19.567002 1.483466 230.449835
17.788894 -19.567031 1.483410 230.589946
17.798899 -19.567080 1.483338 230.730037
17.808904 -19.567156 1.483248 230.870102
17.818909 -19.567262 1.483142 231.010136
17.828914 -19.567405 1.483019 231.150133
17.838919 -19.567590 1.482878 231.290090
17.848924 -19.567821 1.482722 231.430000
17.858929 -19.568104 1.482548 231.569858
17.868934 -19.568444 1.482358 231.709660
17.878939 -19.568845 1.482152 231.849401
17.888944 -19.569311 1.481929 231.989077
17.898949 -19.569848 1.481690 232.128682
17.908954 -19.570460 1.481435 232.268213
17.918959 -19.571150 1.481164 232.407666
17.928964 -19.571924 1.480877 232.547037
17.938969 -19.572783 1.480574 232.686321
17.948974 -19.573734 1.480256 232.825515
17.958979 -19.574777 1.479923 232.964616
17.968984 -19.575918 1.479575 233.103621
17.978989 -19.577160 1.479211 233.242525
17.988994 -19.578504 1.478833 233.381327
17.998999 -19.579955 1.478440 233.520024
18.009005 -19.581514 1.478033 233.658612
18.019010 -19.583184 1.477611 233.797091
18.029015 -19.584967 1.477176 233.935456
18.039020 -19.586865 1.476726 234.073707
18.049025 -19.588881 1.476263 234.211841
18.059030 -19.591016 1.475787 234.349857
18.069035 -19.593271 1.475297 234.487753
18.079040 -19.595648 1.474794 234.625528
18.089045 -19.598148 1.474279 234.763181
18.099050 -19.600773 1.473750 234.900710
18.109055 -19.603522 1.473210 235.038115
18.119060 -19.606397 1.472657 235.175395
18.129065 -19.609399 1.472092 235.312549
18.139070 -19.612528 1.471515 235.449577
18.149075 -19.615784 1.470927 235.586478
18.159080 -19.619168 1.470327 235.723252
18.169085 -19.622680 1.469716 235.859900
18.179090 -19.626319 1.469094 235.996421
18.189095 -19.630086 1.468461 236.132815
18.199100 -19.633981 1.467818 236.269082
18.209105 -19.638003 1.467164 236.405224
18.219110 -19.642151 1.466500 236.541239
18.229115 -19.646426 1.465827 236.677130
18.239120 -19.650826 1.465143 236.812895
18.249125 -19.655351 1.464450 236.948537
18.259130 -19.660001 1.463747 237.084056
18.269135 -19.664774 1.463035 237.219452
18.279140 -19.669670 1.462314 237.354726
18.289145 -19.674688 1.461584 237.489880
18.299150 -19.679826 1.460846 237.624914
18.309155 -19.685084 1.460098 237.759829
18.319160 -19.690461 1.459343 237.894627
18.329165 -19.695956 1.458580 238.029309
18.339170 -19.701567 1.457808 238.163875
18.349175 -19.707293 1.457029 238.298327
18.359180 -19.713134 1.456242 238.432667
18.369185 -19.719087 1.455447 238.566895
18.379190 -19.725152 1.454645 238.701012
18.389195 -19.731327 1.453836 238.835021
18.399200 -19.737611 1.453020 238.968922
18.409205 -19.744003 1.452197 239.102716
18.419210 -19.750501 1.451367 239.236406
18.429215 -19.757104 1.450531 239.369992
18.439220 -19.763811 1.449688 239.503475
18.449225 -19.770621 1.448839 239.636858
18.459230 -19.777531 1.447983 239.770142
18.469235 -19.784540 1.447122 239.903327
18.479240 -19.791648 1.446255 240.036415
18.489245 -19.798853 1.445382 240.169408
18.499250 -19.806154 1.444503 240.302308
18.509255 -19.813548 1.443619 240.435114
18.519260 -19.821035 1.442729 240.567830
18.529265 -19.828614 1.441834 240.700455
18.539270 -19.836283 1.440934 240.832993
18.549275 -19.844040 1.440028 240.965443
18.559280 -19.851885 1.439118 241.097807
18.569285 -19.859816 1.438203 241.230087
18.579290 -19.867832 1.437283 241.362284
18.589295 -19.875932 1.436358 241.494399
18.599300 -19.884113 1.435429 241.626433
18.609305 -19.892376 1.434496 241.758388
18.619310 -19.900718 1.433558 241.890266
18.629315 -19.909139 1.432616 242.022066
18.639320 -19.917637 1.431670 242.153792
18.649325 -19.926211 1.430719 242.285443
18.659330 -19.934860 1.429765 242.417021
18.669335 -19.943583 1.428807 242.548527
18.679340 -19.952378 1.427845 242.679963
18.689345 -19.961245 1.426879 242.811329
18.699350 -19.970181 1.425910 242.942627
18.709355 -19.979187 1.424937 243.073858
18.719360 -19.988261 1.423961 243.205023
18.729365 -19.997402 1.422981 243.336123
18.739370 -20.006608 1.421998 243.467159
18.749375 -20.015880 1.421012 243.598133
18.759380 -20.025215 1.420022 243.729044
18.769385 -20.034613 1.419030 243.859896
18.779390 -20.044072 1.418034 243.990687
18.789395 -20.053593 1.417035 244.121420
18.799400 -20.063173 1.416034 244.252096
18.809405 -20.072812 1.415030 244.382714
18.819410 -20.082508 1.414023 244.513278
18.829415 -20.092262 1.413013 244.643786
18.839420 -20.102072 1.412001 244.774241
18.849425 -20.111937 1.410986 244.904642
18.859430 -20.121856 1.409969 245.034992
18.869435 -20.131828 1.408949 245.165291
18.879440 -20.141853 1.407927 245.295539
18.889445 -20.151930 1.406902 245.425738
18.899450 -20.162058 1.405875 245.555889
18.909455 -20.172235 1.404846 245.685992
18.919460 -20.182462 1.403815 245.816048
18.929465 -20.192738 1.402782 245.946058
18.939470 -20.203061 1.401746 246.076023
18.949475 -20.213431 1.400709 246.205943
18.959480 -20.223848 1.399670 246.335819
18.969485 -20.234310 1.398628 246.465653
18.979490 -20.244817 1.397585 246.595444
18.989495 -20.255368 1.396540 246.725193
18.999500 -20.265962 1.395494 246.854902
19.009505 -20.276600 1.394445 246.984570
19.019510 -20.287279 1.393395 247.114199
19.029515 -20.298000 1.392344 247.243789
19.039520 -20.308761 1.391290 247.373341
19.049525 -20.319563 1.390236 247.502855
19.059530 -20.330405 1.389179 247.632333
19.069535 -20.341285 1.388122 247.761774
19.079540 -20.352204 1.387062 247.891179
19.089545 -20.363161 1.386002 248.020550
19.099550 -20.374155 1.384940 248.149886
19.109555 -20.385185 1.383877 248.279188
19.119560 -20.396252 1.382813 248.408456
19.129565 -20.407355 1.381747 248.537692
19.139570 -20.418492 1.380681 248.666896
19.149575 -20.429664 1.379613 248.796068
19.159580 -20.440870 1.378544 248.925209
19.169585 -20.452110 1.377474 249.054319
19.179590 -20.463383 1.376403 249.183399
19.189595 -20.474688 1.375331 249.312449
19.199600 -20.486026 1.374258 249.441470
19.209605 -20.497395 1.373185 249.570463
19.219610 -20.508795 1.372110 249.699427
19.229615 -20.520226 1.371035 249.828364
19.239620 -20.531687 1.369958 249.957273
19.249625 -20.543179 1.368882 250.086156
19.259630 -20.554699 1.367804 250.215012
19.269635 -20.566249 1.366725 250.343842
19.279640 -20.577827 1.365646 250.472647
19.289645 -20.589434 1.364567 250.601427
19.299650 -20.601069 1.363487 250.730182
19.309655 -20.612730 1.362406 250.858912
19.319660 -20.624419 1.361324 250.987619
19.329665 -20.636135 1.360243 251.116302
19.339670 -20.647877 1.359160 251.244962
19.349675 -20.659645 1.358078 251.373600
19.359680 -20.671439 1.356995 251.502215
19.369685 -20.683258 1.355911 251.630808
19.379690 -20.695102 1.354827 251.759379
19.389695 -20.706970 1.353743 251.887930
19.399700 -20.718863 1.352659 252.016459
19.409705 -20.730780 1.351575 252.144967
19.419710 -20.742720 1.350490 252.273456
19.429715 -20.754684 1.349405 252.401924
19.439720 -20.766671 1.348320 252.530373
19.449725 -20.778681 1.347234 252.658802
19.459730 -20.790713 1.346149 252.787213
19.469735 -20.802767 1.345064 252.915604
19.479740 -20.814843 1.343979 253.043978
19.489745 -20.826940 1.342893 253.172333
19.499750 -20.839059 1.341808 253.300670
19.509755 -20.851199 1.340723 253.428990
19.519760 -20.863360 1.339637 253.557293
19.529765 -20.875541 1.338552 253.685579
19.539770 -20.887743 1.337468 253.813848
19.549775 -20.899965 1.336383 253.942100
19.559780 -20.912206 1.335298 254.070337
19.569785 -20.924467 1.334214 254.198558
19.579790 -20.936747 1.333130 254.326763
19.589795 -20.949046 1.332046 254.454952
19.599800 -20.961364 1.330963 254.583127
19.609805 -20.973701 1.329880 254.711286
19.619810 -20.986056 1.328797 254.839431
19.629815 -20.998429 1.327715 254.967562
19.639820 -21.010821 1.326634 255.095678
19.649825 -21.023229 1.325552 255.223780
19.659830 -21.035656 1.324472 255.351869
19.669835 -21.048100 1.323391 255.479944
19.679840 -21.060560 1.322312 255.608006
19.689845 -21.073038 1.321232 255.736054
19.699850 -21.085533 1.320154 255.864090
19.709855 -21.098044 1.319076 255.992113
19.719860 -21.110571 1.317999 256.120124
19.729865 -21.123115 1.316923 256.248122
19.739870 -21.135674 1.315847 256.376108
19.749875 -21.148250 1.314772 256.504083
19.759880 -21.160841 1.313698 256.632045
19.769885 -21.173447 1.312624 256.759997
19.779890 -21.186069 1.311552 256.887936
19.789895 -21.198705 1.310480 257.015865
19.799900 -21.211357 1.309409 257.143783
19.809905 -21.224024 1.308340 257.271690
19.819910 -21.236705 1.307271 257.399586
19.829915 -21.249401 1.306203 257.527472
19.839920 -21.262110 1.305136 257.655348
19.849925 -21.274835 1.304070 257.783213
19.859930 -21.287573 1.303006 257.911069
19.869935 -21.300325 1.301942 258.038915
19.879940 -21.313090 1.300880 258.166751
19.889945 -21.325870 1.299818 258.294578
19.899950 -21.338662 1.298758 258.422395
19.909955 -21.351468 1.297699 258.550204
19.919960 -21.364287 1.296642 258.678003
19.929965 -21.377120 1.295585 258.805793
19.939970 -21.389965 1.294530 258.933575
19.949975 -21.402822 1.293477 259.061348
19.959980 -21.415693 1.292424 259.189113
19.969985 -21.428576 1.291373 259.316869
19.979990 -21.441471 1.290324 259.444617
19.989995 -21.454379 1.289276 259.572358
20.000000 -21.467298 1.288229 259.700093
