t psi theta phi
0.000000 0.000000 1.047198 0.000000
0.005003 -0.002454 1.047196 0.097925
0.010005 -0.004908 1.047192 0.195850
0.015008 -0.007362 1.047186 0.293775
0.020010 -0.009816 1.047177 0.391699
0.025013 -0.012270 1.047165 0.489624
0.030015 -0.014725 1.047151 0.587548
0.035018 -0.017181 1.047134 0.685471
0.040020 -0.019637 1.047114 0.783394
0.045023 -0.022094 1.047092 0.881317
0.050025 -0.024551 1.047067 0.979239
0.055028 -0.027009 1.047040 1.077160
0.060030 -0.029468 1.047010 1.175081
0.065033 -0.031928 1.046978 1.273000
0.070035 -0.034390 1.046943 1.370919
0.075038 -0.036852 1.046906 1.468837
0.080040 -0.039316 1.046866 1.566754
0.085043 -0.041780 1.046823 1.664670
0.090045 -0.044247 1.046778 1.762585
0.095048 -0.046714 1.046730 1.860498
0.100050 -0.049183 1.046680 1.958410
0.105053 -0.051654 1.046628 2.056321
0.110055 -0.054127 1.046573 2.154231
0.115058 -0.056601 1.046515 2.252139
0.120060 -0.059077 1.046456 2.350045
0.125063 -0.061555 1.046393 2.447950
0.130065 -0.064035 1.046328 2.545853
0.135068 -0.066517 1.046261 2.643755
0.140070 -0.069002 1.046192 2.741655
0.145073 -0.071488 1.046120 2.839553
0.150075 -0.073977 1.046046 2.937449
0.155078 -0.076468 1.045969 3.035343
0.160080 -0.078962 1.045890 3.133235
0.165083 -0.081458 1.045809 3.231125
0.170085 -0.083956 1.045726 3.329013
0.175088 -0.086458 1.045640 3.426899
0.180090 -0.088962 1.045552 3.524782
0.185093 -0.091468 1.045462 3.622663
0.190095 -0.093978 1.045370 3.720542
0.195098 -0.096490 1.045276 3.818419
0.200100 -0.099006 1.045179 3.916293
0.205103 -0.101525 1.045080 4.014164
0.210105 -0.104046 1.044980 4.112033
0.215108 -0.106571 1.044877 4.209899
0.220110 -0.109099 1.044772 4.307763
0.225113 -0.111630 1.044665 4.405624
0.230115 -0.114165 1.044556 4.503482
0.235118 -0.116703 1.044445 4.601337
0.240120 -0.119245 1.044333 4.699190
0.245123 -0.121790 1.044218 4.797040
0.250125 -0.124339 1.044101 4.894886
0.255128 -0.126891 1.043983 4.992730
0.260130 -0.129447 1.043863 5.090570
0.265133 -0.132007 1.043741 5.188408
0.270135 -0.134571 1.043617 5.286242
0.275138 -0.137138 1.043491 5.384073
0.280140 -0.139710 1.043364 5.481901
0.285143 -0.142285 1.043235 5.579726
0.290145 -0.144865 1.043105 5.677547
0.295148 -0.147448 1.042973 5.775365
0.300150 -0.150036 1.042839 5.873180
0.305153 -0.152627 1.042704 5.970991
0.310155 -0.155223 1.042567 6.068799
0.315158 -0.157823 1.042428 6.166604
0.320160 -0.160428 1.042289 6.264405
0.325163 -0.163036 1.042148 6.362202
0.330165 -0.165650 1.042005 6.459996
0.335168 -0.168267 1.041861 6.557786
0.340170 -0.170889 1.041716 6.655572
0.345173 -0.173515 1.041569 6.753355
0.350175 -0.176146 1.041422 6.851134
0.355178 -0.178782 1.041273 6.948910
0.360180 -0.181422 1.041123 7.046681
0.365183 -0.184066 1.040971 7.144449
0.370185 -0.186716 1.040819 7.242213
0.375188 -0.189370 1.040666 7.339973
0.380190 -0.192028 1.040511 7.437730
0.385193 -0.194692 1.040356 7.535482
0.390195 -0.197360 1.040199 7.633231
0.395198 -0.200033 1.040042 7.730976
0.400200 -0.202710 1.039884 7.828717
0.405203 -0.205393 1.039725 7.926453
0.410205 -0.208080 1.039565 8.024186
0.415208 -0.210772 1.039404 8.121915
0.420210 -0.213469 1.039243 8.219640
0.425213 -0.216171 1.039081 8.317361
0.430215 -0.218878 1.038918 8.415078
0.435218 -0.221590 1.038755 8.512791
0.440220 -0.224307 1.038591 8.610500
0.445223 -0.227029 1.038427 8.708205
0.450225 -0.229755 1.038262 8.805906
0.455228 -0.232487 1.038097 8.903602
0.460230 -0.235224 1.037931 9.001295
0.465233 -0.237965 1.037765 9.098984
0.470235 -0.240712 1.037598 9.196668
0.475238 -0.243464 1.037431 9.294349
0.480240 -0.246220 1.037264 9.392025
0.485243 -0.248982 1.037097 9.489697
0.490245 -0.251749 1.036929 9.587366
0.495248 -0.254520 1.036762 9.685030
0.500250 -0.257297 1.036594 9.782690
0.505253 -0.260079 1.036426 9.880346
0.510255 -0.262866 1.036258 9.977997
0.515258 -0.265658 1.036091 10.075645
0.520260 -0.268454 1.035923 10.173289
0.525263 -0.271256 1.035755 10.270929
0.530265 -0.274063 1.035588 10.368564
0.535268 -0.276875 1.035420 10.466196
0.540270 -0.279691 1.035253 10.563823
0.545273 -0.282513 1.035086 10.661447
0.550275 -0.285340 1.034919 10.759066
0.555278 -0.288171 1.034753 10.856682
0.560280 -0.291008 1.034587 10.954293
0.565283 -0.293849 1.034422 11.051901
0.570285 -0.296696 1.034256 11.149504
0.575288 -0.299547 1.034092 11.247104
0.580290 -0.302403 1.033928 11.344700
0.585293 -0.305264 1.033764 11.442291
0.590295 -0.308130 1.033601 11.539879
0.595298 -0.311000 1.033439 11.637463
0.600300 -0.313875 1.033277 11.735043
0.605303 -0.316756 1.033116 11.832619
0.610305 -0.319640 1.032955 11.930192
0.615308 -0.322530 1.032796 12.027760
0.620310 -0.325424 1.032637 12.125325
0.625313 -0.328323 1.032479 12.222886
0.630315 -0.331226 1.032322 12.320444
0.635318 -0.334134 1.032166 12.417997
0.640320 -0.337047 1.032011 12.515547
0.645323 -0.339964 1.031857 12.613094
0.650325 -0.342885 1.031704 12.710637
0.655328 -0.345811 1.031552 12.808176
0.660330 -0.348741 1.031401 12.905711
0.665333 -0.351676 1.031251 13.003243
0.670335 -0.354615 1.031103 13.100772
0.675338 -0.357559 1.030955 13.198297
0.680340 -0.360507 1.030809 13.295819
0.685343 -0.363459 1.030664 13.393337
0.690345 -0.366415 1.030521 13.490852
0.695348 -0.369375 1.030378 13.588363
0.700350 -0.372339 1.030238 13.685871
0.705353 -0.375308 1.030098 13.783376
0.710355 -0.378280 1.029960 13.880878
0.715358 -0.381257 1.029823 13.978376
0.720360 -0.384237 1.029688 14.075872
0.725363 -0.387222 1.029555 14.173364
0.730365 -0.390210 1.029423 14.270853
0.735368 -0.393202 1.029292 14.368339
0.740370 -0.396197 1.029163 14.465822
0.745373 -0.399197 1.029036 14.563302
0.750375 -0.402200 1.028910 14.660779
0.755378 -0.405206 1.028787 14.758253
0.760380 -0.408216 1.028664 14.855725
0.765383 -0.411230 1.028544 14.953193
0.770385 -0.414247 1.028425 15.050659
0.775388 -0.417268 1.028309 15.148123
0.780390 -0.420291 1.028194 15.245583
0.785393 -0.423318 1.028081 15.343041
0.790395 -0.426349 1.027969 15.440496
0.795398 -0.429382 1.027860 15.537949
0.800400 -0.432419 1.027753 15.635399
0.805403 -0.435458 1.027647 15.732847
0.810405 -0.438501 1.027544 15.830292
0.815408 -0.441546 1.027442 15.927735
0.820410 -0.444595 1.027343 16.025176
0.825413 -0.447646 1.027246 16.122615
0.830415 -0.450700 1.027150 16.220051
0.835418 -0.453757 1.027057 16.317485
0.840420 -0.456816 1.026966 16.414917
0.845423 -0.459878 1.026877 16.512347
0.850425 -0.462942 1.026790 16.609775
0.855428 -0.466009 1.026706 16.707201
0.860430 -0.469078 1.026623 16.804625
0.865433 -0.472150 1.026543 16.902047
0.870435 -0.475223 1.026465 16.999468
0.875438 -0.478299 1.026389 17.096887
0.880440 -0.481377 1.026316 17.194304
0.885443 -0.484457 1.026245 17.291719
0.890445 -0.487540 1.026176 17.389133
0.895448 -0.490624 1.026109 17.486545
0.900450 -0.493709 1.026045 17.583956
0.905453 -0.496797 1.025983 17.681365
0.910455 -0.499887 1.025924 17.778773
0.915458 -0.502978 1.025867 17.876180
0.920460 -0.506070 1.025812 17.973585
0.925463 -0.509165 1.025759 18.070989
0.930465 -0.512260 1.025709 18.168392
0.935468 -0.515357 1.025662 18.265794
0.940470 -0.518456 1.025617 18.363195
0.945473 -0.521555 1.025574 18.460595
0.950475 -0.524656 1.025534 18.557993
0.955478 -0.527758 1.025496 18.655391
0.960480 -0.530861 1.025461 18.752789
0.965483 -0.533965 1.025428 18.850185
0.970485 -0.537069 1.025397 18.947581
0.975488 -0.540175 1.025369 19.044976
0.980490 -0.543281 1.025344 19.142370
0.985493 -0.546388 1.025321 19.239764
0.990495 -0.549496 1.025301 19.337157
0.995498 -0.552604 1.025283 19.434550
1.000500 -0.555713 1.025267 19.531943
1.005503 -0.558822 1.025255 19.629335
1.010505 -0.561931 1.025244 19.726727
1.015508 -0.565041 1.025236 19.824119
1.020510 -0.568151 1.025231 19.921511
1.025513 -0.571261 1.025228 20.018902
1.030515 -0.574371 1.025228 20.116294
1.035518 -0.577481 1.025230 20.213685
1.040520 -0.580591 1.025235 20.311077
1.045523 -0.583700 1.025242 20.408469
1.050525 -0.586810 1.025252 20.505861
1.055528 -0.589919 1.025265 20.603253
1.060530 -0.593028 1.025279 20.700645
1.065533 -0.596136 1.025297 20.798038
1.070535 -0.599244 1.025317 20.895431
1.075538 -0.602351 1.025339 20.992825
1.080540 -0.605457 1.025364 21.090219
1.085543 -0.608563 1.025391 21.187614
1.090545 -0.611668 1.025421 21.285010
1.095548 -0.614772 1.025453 21.382406
1.100550 -0.617875 1.025488 21.479803
1.105553 -0.620977 1.025526 21.577201
1.110555 -0.624078 1.025565 21.674600
1.115558 -0.627178 1.025608 21.771999
1.120560 -0.630277 1.025652 21.869400
1.125563 -0.633374 1.025699 21.966801
1.130565 -0.636470 1.025749 22.064204
1.135568 -0.639565 1.025801 22.161608
1.140570 -0.642658 1.025855 22.259013
1.145573 -0.645749 1.025912 22.356420
1.150575 -0.648839 1.025971 22.453827
1.155578 -0.651927 1.026032 22.551236
1.160580 -0.655013 1.026096 22.648647
1.165583 -0.658098 1.026162 22.746059
1.170585 -0.661180 1.026230 22.843472
1.175588 -0.664261 1.026301 22.940887
1.180590 -0.667339 1.026374 23.038304
1.185593 -0.670416 1.026449 23.135722
1.190595 -0.673490 1.026527 23.233142
1.195598 -0.676562 1.026606 23.330564
1.200600 -0.679631 1.026688 23.427988
1.205603 -0.682699 1.026772 23.525413
1.210605 -0.685764 1.026859 23.622841
1.215608 -0.688826 1.026947 23.720270
1.220610 -0.691886 1.027038 23.817702
1.225613 -0.694943 1.027130 23.915136
1.230615 -0.697998 1.027225 24.012572
1.235618 -0.701049 1.027322 24.110010
1.240620 -0.704098 1.027421 24.207450
1.245623 -0.707144 1.027522 24.304892
1.250625 -0.710188 1.027625 24.402337
1.255628 -0.713228 1.027730 24.499785
1.260630 -0.716265 1.027837 24.597234
1.265633 -0.719299 1.027946 24.694687
1.270635 -0.722330 1.028057 24.792141
1.275638 -0.725358 1.028170 24.889599
1.280640 -0.728382 1.028284 24.987059
1.285643 -0.731404 1.028401 25.084521
1.290645 -0.734421 1.028519 25.181986
1.295648 -0.737436 1.028639 25.279454
1.300650 -0.740447 1.028761 25.376925
1.305653 -0.743454 1.028884 25.474399
1.310655 -0.746458 1.029009 25.571875
1.315658 -0.749458 1.029136 25.669355
1.320660 -0.752454 1.029265 25.766837
1.325663 -0.755447 1.029395 25.864323
1.330665 -0.758436 1.029527 25.961811
1.335668 -0.761421 1.029660 26.059303
1.340670 -0.764402 1.029795 26.156797
1.345673 -0.767380 1.029931 26.254295
1.350675 -0.770353 1.030069 26.351796
1.355678 -0.773322 1.030208 26.449300
1.360680 -0.776288 1.030349 26.546808
1.365683 -0.779249 1.030491 26.644319
1.370685 -0.782206 1.030634 26.741833
1.375688 -0.785159 1.030779 26.839350
1.380690 -0.788107 1.030925 26.936871
1.385693 -0.791052 1.031072 27.034396
1.390695 -0.793992 1.031220 27.131923
1.395698 -0.796927 1.031370 27.229455
1.400700 -0.799859 1.031520 27.326989
1.405703 -0.802786 1.031672 27.424528
1.410705 -0.805708 1.031825 27.522070
1.415708 -0.808626 1.031979 27.619615
1.420710 -0.811540 1.032134 27.717165
1.425713 -0.814448 1.032289 27.814717
1.430715 -0.817353 1.032446 27.912274
1.435718 -0.820253 1.032604 28.009834
1.440720 -0.823148 1.032762 28.107398
1.445723 -0.826038 1.032922 28.204966
1.450725 -0.828924 1.033082 28.302538
1.455728 -0.831805 1.033243 28.400113
1.460730 -0.834681 1.033404 28.497693
1.465733 -0.837553 1.033567 28.595276
1.470735 -0.840419 1.033729 28.692863
1.475738 -0.843281 1.033893 28.790454
1.480740 -0.846138 1.034057 28.888049
1.485743 -0.848991 1.034222 28.985647
1.490745 -0.851838 1.034387 29.083250
1.495748 -0.854681 1.034552 29.180857
1.500750 -0.857518 1.034718 29.278467
1.505753 -0.860351 1.034884 29.376082
1.510755 -0.863178 1.035051 29.473701
1.515758 -0.866001 1.035218 29.571323
1.520760 -0.868819 1.035385 29.668950
1.525763 -0.871632 1.035552 29.766581
1.530765 -0.874440 1.035720 29.864215
1.535768 -0.877243 1.035887 29.961854
1.540770 -0.880040 1.036055 30.059497
1.545773 -0.882833 1.036223 30.157144
1.550775 -0.885621 1.036391 30.254795
1.555778 -0.888404 1.036559 30.352450
1.560780 -0.891182 1.036726 30.450109
1.565783 -0.893955 1.036894 30.547772
1.570785 -0.896722 1.037062 30.645440
1.575788 -0.899485 1.037229 30.743111
1.580790 -0.902243 1.037396 30.840787
1.585793 -0.904996 1.037563 30.938466
1.590795 -0.907743 1.037730 31.036150
1.595798 -0.910486 1.037896 31.133838
1.600800 -0.913224 1.038062 31.231529
1.605803 -0.915956 1.038227 31.329225
1.610805 -0.918684 1.038392 31.426925
1.615808 -0.921407 1.038557 31.524629
1.620810 -0.924125 1.038721 31.622337
1.625813 -0.926838 1.038884 31.720049
1.630815 -0.929546 1.039047 31.817766
1.635818 -0.932249 1.039209 31.915486
1.640820 -0.934947 1.039370 32.013210
1.645823 -0.937640 1.039531 32.110938
1.650825 -0.940328 1.039691 32.208670
1.655828 -0.943012 1.039850 32.306406
1.660830 -0.945691 1.040009 32.404146
1.665833 -0.948364 1.040166 32.501890
1.670835 -0.951034 1.040323 32.599638
1.675838 -0.953698 1.040478 32.697390
1.680840 -0.956358 1.040633 32.795145
1.685843 -0.959012 1.040787 32.892905
1.690845 -0.961663 1.040939 32.990668
1.695848 -0.964308 1.041091 33.088435
1.700850 -0.966949 1.041241 33.186206
1.705853 -0.969586 1.041390 33.283980
1.710855 -0.972218 1.041538 33.381759
1.715858 -0.974845 1.041685 33.479541
1.720860 -0.977468 1.041831 33.577326
1.725863 -0.980086 1.041975 33.675116
1.730865 -0.982700 1.042118 33.772909
1.735868 -0.985310 1.042259 33.870705
1.740870 -0.987915 1.042399 33.968505
1.745873 -0.990516 1.042538 34.066309
1.750875 -0.993113 1.042675 34.164116
1.755878 -0.995706 1.042810 34.261927
1.760880 -0.998294 1.042945 34.359741
1.765883 -1.000878 1.043077 34.457558
1.770885 -1.003459 1.043208 34.555379
1.775888 -1.006035 1.043337 34.653203
1.780890 -1.008607 1.043465 34.751030
1.785893 -1.011175 1.043591 34.848861
1.790895 -1.013740 1.043715 34.946694
1.795898 -1.016301 1.043837 35.044531
1.800900 -1.018857 1.043958 35.142371
1.805903 -1.021411 1.044077 35.240214
1.810905 -1.023960 1.044194 35.338060
1.815908 -1.026506 1.044309 35.435909
1.820910 -1.029048 1.044422 35.533761
1.825913 -1.031587 1.044533 35.631616
1.830915 -1.034123 1.044642 35.729473
1.835918 -1.036655 1.044750 35.827333
1.840920 -1.039184 1.044855 35.925197
1.845923 -1.041709 1.044958 36.023062
1.850925 -1.044231 1.045059 36.120931
1.855928 -1.046751 1.045158 36.218802
1.860930 -1.049267 1.045255 36.316675
1.865933 -1.051780 1.045350 36.414551
1.870935 -1.054290 1.045443 36.512429
1.875938 -1.056797 1.045534 36.610310
1.880940 -1.059302 1.045622 36.708193
1.885943 -1.061804 1.045708 36.806078
1.890945 -1.064303 1.045792 36.903966
1.895948 -1.066800 1.045873 37.001855
1.900950 -1.069294 1.045953 37.099747
1.905953 -1.071785 1.046030 37.197641
1.910955 -1.074275 1.046105 37.295536
1.915958 -1.076762 1.046177 37.393434
1.920960 -1.079246 1.046247 37.491333
1.925963 -1.081729 1.046314 37.589235
1.930965 -1.084209 1.046380 37.687138
1.935968 -1.086688 1.046443 37.785042
1.940970 -1.089164 1.046503 37.882948
1.945973 -1.091639 1.046561 37.980856
1.950975 -1.094112 1.046616 38.078765
1.955978 -1.096583 1.046670 38.176676
1.960980 -1.099053 1.046720 38.274588
1.965983 -1.101521 1.046768 38.372501
1.970985 -1.103987 1.046814 38.470415
1.975988 -1.106452 1.046857 38.568331
1.980990 -1.108916 1.046897 38.666248
1.985993 -1.111379 1.046935 38.764165
1.990995 -1.113840 1.046971 38.862084
1.995998 -1.116300 1.047004 38.960004
2.001001 -1.118760 1.047034 39.057924
2.006003 -1.121218 1.047062 39.155845
2.011006 -1.123676 1.047087 39.253767
2.016008 -1.126133 1.047110 39.351689
2.021011 -1.128589 1.047130 39.449612
2.026013 -1.131044 1.047147 39.547536
2.031016 -1.133499 1.047162 39.645460
2.036018 -1.135954 1.047174 39.743384
2.041021 -1.138408 1.047184 39.841309
2.046023 -1.140862 1.047191 39.939233
2.051026 -1.143316 1.047196 40.037158
2.056028 -1.145770 1.047197 40.135083
2.061031 -1.148224 1.047197 40.233008
2.066033 -1.150678 1.047193 40.330933
2.071036 -1.153131 1.047187 40.428858
2.076038 -1.155586 1.047179 40.526783
2.081041 -1.158040 1.047168 40.624707
2.086043 -1.160495 1.047154 40.722631
2.091046 -1.162950 1.047138 40.820555
2.096048 -1.165406 1.047119 40.918478
2.101051 -1.167863 1.047097 41.016401
2.106053 -1.170320 1.047073 41.114323
2.111056 -1.172778 1.047046 41.212244
2.116058 -1.175237 1.047017 41.310165
2.121061 -1.177697 1.046985 41.408085
2.126063 -1.180158 1.046951 41.506004
2.131066 -1.182620 1.046914 41.603922
2.136068 -1.185083 1.046874 41.701839
2.141071 -1.187548 1.046832 41.799755
2.146073 -1.190014 1.046788 41.897670
2.151076 -1.192481 1.046741 41.995584
2.156078 -1.194950 1.046691 42.093496
2.161081 -1.197421 1.046639 42.191407
2.166083 -1.199893 1.046585 42.289317
2.171086 -1.202367 1.046528 42.387226
2.176088 -1.204842 1.046468 42.485132
2.181091 -1.207320 1.046407 42.583038
2.186093 -1.209800 1.046342 42.680941
2.191096 -1.212281 1.046276 42.778843
2.196098 -1.214765 1.046207 42.876743
2.201101 -1.217251 1.046135 42.974642
2.206103 -1.219739 1.046062 43.072538
2.211106 -1.222230 1.045986 43.170433
2.216108 -1.224723 1.045907 43.268325
2.221111 -1.227218 1.045827 43.366216
2.226113 -1.229717 1.045744 43.464104
2.231116 -1.232217 1.045659 43.561990
2.236118 -1.234721 1.045571 43.659874
2.241121 -1.237227 1.045482 43.757756
2.246123 -1.239736 1.045390 43.855635
2.251126 -1.242248 1.045296 43.953512
2.256128 -1.244763 1.045200 44.051387
2.261131 -1.247281 1.045101 44.149259
2.266133 -1.249802 1.045001 44.247128
2.271136 -1.252326 1.044899 44.344995
2.276138 -1.254853 1.044794 44.442859
2.281141 -1.257384 1.044688 44.540721
2.286143 -1.259918 1.044579 44.638580
2.291146 -1.262455 1.044469 44.736436
2.296148 -1.264996 1.044357 44.834289
2.301151 -1.267541 1.044242 44.932139
2.306153 -1.270089 1.044126 45.029986
2.311156 -1.272640 1.044008 45.127830
2.316158 -1.275195 1.043888 45.225672
2.321161 -1.277754 1.043767 45.323510
2.326163 -1.280317 1.043643 45.421345
2.331166 -1.282884 1.043518 45.519177
2.336168 -1.285455 1.043391 45.617005
2.341171 -1.288029 1.043263 45.714831
2.346173 -1.290608 1.043132 45.812653
2.351176 -1.293190 1.043001 45.910472
2.356178 -1.295777 1.042867 46.008287
2.361181 -1.298368 1.042732 46.106099
2.366183 -1.300963 1.042596 46.203908
2.371186 -1.303562 1.042458 46.301713
2.376188 -1.306166 1.042318 46.399514
2.381191 -1.308773 1.042177 46.497312
2.386193 -1.311386 1.042035 46.595107
2.391196 -1.314002 1.041892 46.692898
2.396198 -1.316623 1.041747 46.790685
2.401201 -1.319249 1.041600 46.888469
2.406203 -1.321878 1.041453 46.986248
2.411206 -1.324513 1.041304 47.084025
2.416208 -1.327152 1.041154 47.181797
2.421211 -1.329796 1.041003 47.279566
2.426213 -1.332444 1.040851 47.377331
2.431216 -1.335097 1.040698 47.475092
2.436218 -1.337755 1.040544 47.572849
2.441221 -1.340417 1.040389 47.670602
2.446223 -1.343084 1.040232 47.768352
2.451226 -1.345756 1.040075 47.866097
2.456228 -1.348433 1.039917 47.963839
2.461231 -1.351114 1.039759 48.061577
2.466233 -1.353800 1.039599 48.159310
2.471236 -1.356492 1.039438 48.257040
2.476238 -1.359188 1.039277 48.354766
2.481241 -1.361889 1.039115 48.452488
2.486243 -1.364594 1.038953 48.550206
2.491246 -1.367305 1.038790 48.647919
2.496248 -1.370021 1.038626 48.745629
2.501251 -1.372742 1.038462 48.843335
2.506253 -1.375467 1.038297 48.941037
2.511256 -1.378198 1.038132 49.038734
2.516258 -1.380933 1.037966 49.136428
2.521261 -1.383674 1.037800 49.234117
2.526263 -1.386420 1.037633 49.331803
2.531266 -1.389170 1.037467 49.429484
2.536268 -1.391926 1.037300 49.527161
2.541271 -1.394687 1.037132 49.624834
2.546273 -1.397452 1.036965 49.722503
2.551276 -1.400223 1.036797 49.820168
2.556278 -1.402999 1.036630 49.917829
2.561281 -1.405779 1.036462 50.015486
2.566283 -1.408565 1.036294 50.113139
2.571286 -1.411356 1.036126 50.210787
2.576288 -1.414151 1.035958 50.308432
2.581291 -1.416952 1.035791 50.406072
2.586293 -1.419758 1.035623 50.503709
2.591296 -1.422569 1.035456 50.601341
2.596298 -1.425384 1.035288 50.698970
2.601301 -1.428205 1.035121 50.796594
2.606303 -1.431031 1.034955 50.894214
2.611306 -1.433861 1.034788 50.991831
2.616308 -1.436697 1.034622 51.089443
2.621311 -1.439537 1.034456 51.187051
2.626313 -1.442382 1.034291 51.284656
2.631316 -1.445233 1.034126 51.382256
2.636318 -1.448088 1.033962 51.479853
2.641321 -1.450948 1.033798 51.577445
2.646323 -1.453812 1.033635 51.675034
2.651326 -1.456682 1.033473 51.772619
2.656328 -1.459556 1.033311 51.870199
2.661331 -1.462435 1.033150 51.967777
2.666333 -1.465319 1.032989 52.065350
2.671336 -1.468207 1.032830 52.162919
2.676338 -1.471100 1.032671 52.260485
2.681341 -1.473998 1.032513 52.358047
2.686343 -1.476901 1.032356 52.455605
2.691346 -1.479808 1.032199 52.553159
2.696348 -1.482719 1.032044 52.650710
2.701351 -1.485635 1.031890 52.748257
2.706353 -1.488556 1.031736 52.845801
2.711356 -1.491481 1.031584 52.943341
2.716358 -1.494410 1.031433 53.040877
2.721361 -1.497344 1.031283 53.138410
2.726363 -1.500283 1.031134 53.235939
2.731366 -1.503225 1.030986 53.333465
2.736368 -1.506172 1.030840 53.430987
2.741371 -1.509123 1.030695 53.528506
2.746373 -1.512078 1.030551 53.626022
2.751376 -1.515038 1.030408 53.723534
2.756378 -1.518001 1.030267 53.821043
2.761381 -1.520969 1.030127 53.918548
2.766383 -1.523941 1.029989 54.016051
2.771386 -1.526916 1.029852 54.113550
2.776388 -1.529896 1.029717 54.211046
2.781391 -1.532879 1.029583 54.308539
2.786393 -1.535867 1.029450 54.406028
2.791396 -1.538858 1.029319 54.503515
2.796398 -1.541853 1.029190 54.600999
2.801401 -1.544851 1.029063 54.698479
2.806403 -1.547853 1.028937 54.795957
2.811406 -1.550859 1.028813 54.893432
2.816408 -1.553869 1.028690 54.990904
2.821411 -1.556882 1.028569 55.088373
2.826413 -1.559898 1.028450 55.185840
2.831416 -1.562918 1.028333 55.283303
2.836418 -1.565941 1.028218 55.380764
2.841421 -1.568967 1.028104 55.478223
2.846423 -1.571997 1.027993 55.575679
2.851426 -1.575029 1.027883 55.673132
2.856428 -1.578065 1.027775 55.770583
2.861431 -1.581104 1.027669 55.868031
2.866433 -1.584146 1.027565 55.965477
2.871436 -1.587191 1.027464 56.062920
2.876438 -1.590239 1.027364 56.160362
2.881441 -1.593290 1.027266 56.257801
2.886443 -1.596343 1.027170 56.355237
2.891446 -1.599399 1.027077 56.452672
2.896448 -1.602458 1.026985 56.550105
2.901451 -1.605519 1.026896 56.647535
2.906453 -1.608583 1.026809 56.744963
2.911456 -1.611649 1.026723 56.842390
2.916458 -1.614718 1.026641 56.939814
2.921461 -1.617789 1.026560 57.037237
2.926463 -1.620862 1.026481 57.134658
2.931466 -1.623938 1.026405 57.232077
2.936468 -1.627015 1.026331 57.329494
2.941471 -1.630095 1.026260 57.426910
2.946473 -1.633177 1.026190 57.524324
2.951476 -1.636260 1.026123 57.621737
2.956478 -1.639346 1.026059 57.719148
2.961481 -1.642433 1.025996 57.816557
2.966483 -1.645522 1.025936 57.913965
2.971486 -1.648613 1.025878 58.011372
2.976488 -1.651705 1.025823 58.108778
2.981491 -1.654799 1.025770 58.206182
2.986493 -1.657895 1.025720 58.303586
2.991496 -1.660991 1.025672 58.400988
2.996498 -1.664089 1.025626 58.498389
3.001501 -1.667189 1.025583 58.595789
3.006503 -1.670289 1.025542 58.693188
3.011506 -1.673391 1.025504 58.790586
3.016508 -1.676494 1.025468 58.887983
3.021511 -1.679597 1.025434 58.985380
3.026513 -1.682702 1.025404 59.082776
3.031516 -1.685807 1.025375 59.180171
3.036518 -1.688913 1.025349 59.277565
3.041521 -1.692020 1.025326 59.374959
3.046523 -1.695128 1.025305 59.472353
3.051526 -1.698236 1.025286 59.569746
3.056528 -1.701345 1.025270 59.667139
3.061531 -1.704454 1.025257 59.764531
3.066533 -1.707563 1.025246 59.861923
3.071536 -1.710672 1.025238 59.959315
3.076538 -1.713782 1.025232 60.056706
3.081541 -1.716892 1.025229 60.154098
3.086543 -1.720002 1.025228 60.251490
3.091546 -1.723112 1.025230 60.348881
3.096548 -1.726222 1.025234 60.446273
3.101551 -1.729332 1.025241 60.543664
3.106553 -1.732441 1.025250 60.641056
3.111556 -1.735551 1.025262 60.738448
3.116558 -1.738659 1.025276 60.835841
3.121561 -1.741768 1.025293 60.933234
3.126563 -1.744876 1.025312 61.030627
3.131566 -1.747983 1.025334 61.128020
3.136568 -1.751090 1.025358 61.225415
3.141571 -1.754196 1.025385 61.322809
3.146573 -1.757301 1.025415 61.420205
3.151576 -1.760405 1.025446 61.517601
3.156578 -1.763508 1.025481 61.614998
3.161581 -1.766611 1.025518 61.712395
3.166583 -1.769712 1.025557 61.809794
3.171586 -1.772812 1.025598 61.907193
3.176588 -1.775911 1.025643 62.004594
3.181591 -1.779008 1.025689 62.101995
3.186593 -1.782105 1.025738 62.199398
3.191596 -1.785199 1.025789 62.296801
3.196598 -1.788293 1.025843 62.394206
3.201601 -1.791384 1.025899 62.491612
3.206603 -1.794475 1.025958 62.589019
3.211606 -1.797563 1.026019 62.686428
3.216608 -1.800650 1.026082 62.783838
3.221611 -1.803735 1.026148 62.881250
3.226613 -1.806817 1.026216 62.978663
3.231616 -1.809898 1.026286 63.076078
3.236618 -1.812977 1.026358 63.173494
3.241621 -1.816054 1.026433 63.270912
3.246623 -1.819129 1.026510 63.368332
3.251626 -1.822201 1.026589 63.465753
3.256628 -1.825272 1.026671 63.563177
3.261631 -1.828339 1.026754 63.660602
3.266633 -1.831405 1.026840 63.758029
3.271636 -1.834468 1.026928 63.855458
3.276638 -1.837528 1.027018 63.952889
3.281641 -1.840586 1.027111 64.050322
3.286643 -1.843641 1.027205 64.147758
3.291646 -1.846693 1.027302 64.245195
3.296648 -1.849743 1.027400 64.342635
3.301651 -1.852790 1.027501 64.440077
3.306653 -1.855833 1.027603 64.537522
3.311656 -1.858874 1.027708 64.634969
3.316658 -1.861912 1.027814 64.732418
3.321661 -1.864947 1.027923 64.829869
3.326663 -1.867979 1.028033 64.927324
3.331666 -1.871007 1.028146 65.024780
3.336668 -1.874032 1.028260 65.122240
3.341671 -1.877054 1.028376 65.219702
3.346673 -1.880073 1.028494 65.317166
3.351676 -1.883088 1.028613 65.414634
3.356678 -1.886099 1.028735 65.512104
3.361681 -1.889107 1.028858 65.609577
3.366683 -1.892112 1.028983 65.707053
3.371686 -1.895113 1.029109 65.804532
3.376688 -1.898110 1.029237 65.902014
3.381691 -1.901104 1.029367 65.999499
3.386693 -1.904093 1.029499 66.096986
3.391696 -1.907079 1.029632 66.194477
3.396698 -1.910061 1.029766 66.291971
3.401701 -1.913039 1.029902 66.389468
3.406703 -1.916014 1.030040 66.486969
3.411706 -1.918984 1.030178 66.584472
3.416708 -1.921950 1.030319 66.681979
3.421711 -1.924912 1.030461 66.779489
3.426713 -1.927870 1.030604 66.877002
3.431716 -1.930824 1.030748 66.974519
3.436718 -1.933773 1.030894 67.072039
3.441721 -1.936718 1.031040 67.169563
3.446723 -1.939659 1.031189 67.267090
3.451726 -1.942596 1.031338 67.364621
3.456728 -1.945528 1.031488 67.462155
3.461731 -1.948456 1.031640 67.559692
3.466733 -1.951379 1.031792 67.657234
3.471736 -1.954298 1.031946 67.754778
3.476738 -1.957213 1.032101 67.852327
3.481741 -1.960123 1.032256 67.949879
3.486743 -1.963028 1.032413 68.047435
3.491746 -1.965929 1.032571 68.144994
3.496748 -1.968825 1.032729 68.242558
3.501751 -1.971716 1.032888 68.340125
3.506753 -1.974603 1.033048 68.437695
3.511756 -1.977485 1.033209 68.535270
3.516758 -1.980362 1.033370 68.632849
3.521761 -1.983235 1.033532 68.730431
3.526763 -1.986103 1.033695 68.828017
3.531766 -1.988966 1.033858 68.925607
3.536768 -1.991824 1.034022 69.023201
3.541771 -1.994677 1.034187 69.120799
3.546773 -1.997525 1.034352 69.218401
3.551776 -2.000369 1.034517 69.316007
3.556778 -2.003207 1.034683 69.413617
3.561781 -2.006041 1.034849 69.511230
3.566783 -2.008870 1.035016 69.608848
3.571786 -2.011694 1.035183 69.706470
3.576788 -2.014513 1.035350 69.804096
3.581791 -2.017326 1.035517 69.901726
3.586793 -2.020135 1.035684 69.999359
3.591796 -2.022939 1.035852 70.096997
3.596798 -2.025738 1.036020 70.194639
3.601801 -2.028532 1.036188 70.292286
3.606803 -2.031321 1.036355 70.389936
3.611806 -2.034105 1.036523 70.487590
3.616808 -2.036884 1.036691 70.585248
3.621811 -2.039658 1.036859 70.682911
3.626813 -2.042426 1.037026 70.780577
3.631816 -2.045190 1.037194 70.878248
3.636818 -2.047949 1.037361 70.975922
3.641821 -2.050703 1.037528 71.073601
3.646823 -2.053452 1.037694 71.171284
3.651826 -2.056195 1.037861 71.268971
3.656828 -2.058934 1.038027 71.366662
3.661831 -2.061668 1.038192 71.464357
3.666833 -2.064397 1.038357 71.562056
3.671836 -2.067121 1.038522 71.659759
3.676838 -2.069839 1.038686 71.757466
3.681841 -2.072553 1.038850 71.855177
3.686843 -2.075262 1.039012 71.952893
3.691846 -2.077966 1.039175 72.050612
3.696848 -2.080666 1.039336 72.148335
3.701851 -2.083360 1.039497 72.246062
3.706853 -2.086049 1.039657 72.343794
3.711856 -2.088734 1.039817 72.441529
3.716858 -2.091413 1.039975 72.539268
3.721861 -2.094088 1.040133 72.637011
3.726863 -2.096758 1.040290 72.734758
3.731866 -2.099424 1.040446 72.832509
3.736868 -2.102084 1.040601 72.930264
3.741871 -2.104740 1.040754 73.028022
3.746873 -2.107392 1.040907 73.125785
3.751876 -2.110038 1.041059 73.223551
3.756878 -2.112680 1.041210 73.321321
3.761881 -2.115317 1.041359 73.419095
3.766883 -2.117950 1.041507 73.516873
3.771886 -2.120579 1.041654 73.614654
3.776888 -2.123202 1.041800 73.712439
3.781891 -2.125822 1.041944 73.810227
3.786893 -2.128437 1.042088 73.908020
3.791896 -2.131047 1.042229 74.005815
3.796898 -2.133654 1.042370 74.103615
3.801901 -2.136255 1.042509 74.201418
3.806903 -2.138853 1.042646 74.299224
3.811906 -2.141447 1.042782 74.397034
3.816908 -2.144036 1.042916 74.494847
3.821911 -2.146621 1.043049 74.592664
3.826913 -2.149202 1.043180 74.690484
3.831916 -2.151779 1.043310 74.788307
3.836918 -2.154352 1.043438 74.886134
3.841921 -2.156922 1.043564 74.983964
3.846923 -2.159487 1.043689 75.081797
3.851926 -2.162048 1.043812 75.179633
3.856928 -2.164606 1.043933 75.277472
3.861931 -2.167160 1.044052 75.375314
3.866933 -2.169710 1.044169 75.473160
3.871936 -2.172257 1.044284 75.571008
3.876938 -2.174800 1.044398 75.668859
3.881941 -2.177340 1.044510 75.766713
3.886943 -2.179876 1.044619 75.864570
3.891946 -2.182408 1.044727 75.962430
3.896948 -2.184938 1.044833 76.060293
3.901951 -2.187464 1.044937 76.158158
3.906953 -2.189987 1.045038 76.256026
3.911956 -2.192507 1.045138 76.353896
3.916958 -2.195024 1.045235 76.451769
3.921961 -2.197538 1.045330 76.549644
3.926963 -2.200048 1.045424 76.647522
3.931966 -2.202556 1.045515 76.745402
3.936968 -2.205062 1.045603 76.843285
3.941971 -2.207564 1.045690 76.941170
3.946973 -2.210064 1.045774 77.039057
3.951976 -2.212561 1.045856 77.136946
3.956978 -2.215055 1.045936 77.234837
3.961981 -2.217548 1.046014 77.332730
3.966983 -2.220037 1.046089 77.430626
3.971986 -2.222525 1.046162 77.528523
3.976988 -2.225010 1.046232 77.626422
3.981991 -2.227493 1.046300 77.724323
3.986993 -2.229974 1.046366 77.822225
3.991996 -2.232453 1.046429 77.920130
3.996998 -2.234930 1.046490 78.018035
4.002001 -2.237405 1.046549 78.115943
4.007004 -2.239878 1.046605 78.213852
4.012006 -2.242349 1.046659 78.311762
4.017009 -2.244819 1.046710 78.409674
4.022011 -2.247288 1.046758 78.507587
4.027014 -2.249754 1.046804 78.605501
4.032016 -2.252220 1.046848 78.703416
4.037019 -2.254684 1.046889 78.801333
4.042021 -2.257147 1.046928 78.899250
4.047024 -2.259608 1.046964 78.997169
4.052026 -2.262069 1.046997 79.095088
4.057029 -2.264529 1.047028 79.193008
4.062031 -2.266987 1.047056 79.290929
4.067034 -2.269445 1.047082 79.388851
4.072036 -2.271902 1.047105 79.486773
4.077039 -2.274358 1.047126 79.584696
4.082041 -2.276814 1.047144 79.682619
4.087044 -2.279269 1.047159 79.780543
4.092046 -2.281724 1.047172 79.878467
4.097049 -2.284178 1.047182 79.976392
4.102051 -2.286632 1.047190 80.074317
4.107054 -2.289086 1.047195 80.172241
4.112056 -2.291540 1.047197 80.270166
4.117059 -2.293994 1.047197 80.368091
4.122061 -2.296447 1.047194 80.466016
4.127064 -2.298901 1.047189 80.563941
4.132066 -2.301355 1.047181 80.661866
4.137069 -2.303810 1.047170 80.759790
4.142071 -2.306265 1.047157 80.857715
4.147074 -2.308720 1.047141 80.955638
4.152076 -2.311176 1.047123 81.053562
4.157079 -2.313632 1.047102 81.151484
4.162081 -2.316089 1.047078 81.249407
4.167084 -2.318547 1.047052 81.347328
4.172086 -2.321006 1.047023 81.445249
4.177089 -2.323466 1.046992 81.543169
4.182091 -2.325926 1.046958 81.641088
4.187094 -2.328388 1.046922 81.739007
4.192096 -2.330851 1.046883 81.836924
4.197099 -2.333315 1.046841 81.934840
4.202101 -2.335781 1.046797 82.032756
4.207104 -2.338248 1.046751 82.130670
4.212106 -2.340717 1.046702 82.228582
4.217109 -2.343187 1.046650 82.326494
4.222111 -2.345659 1.046596 82.424404
4.227114 -2.348132 1.046540 82.522312
4.232116 -2.350607 1.046481 82.620220
4.237119 -2.353085 1.046420 82.718125
4.242121 -2.355564 1.046356 82.816029
4.247124 -2.358045 1.046290 82.913931
4.252126 -2.360528 1.046221 83.011832
4.257129 -2.363014 1.046151 83.109731
4.262131 -2.365502 1.046077 83.207628
4.267134 -2.367992 1.046002 83.305523
4.272136 -2.370484 1.045924 83.403416
4.277139 -2.372979 1.045844 83.501306
4.282141 -2.375477 1.045761 83.599195
4.287144 -2.377977 1.045677 83.697082
4.292146 -2.380480 1.045590 83.794966
4.297149 -2.382986 1.045501 83.892849
4.302151 -2.385494 1.045409 83.990728
4.307154 -2.388005 1.045316 84.088606
4.312156 -2.390519 1.045220 84.186481
4.317159 -2.393037 1.045122 84.284354
4.322161 -2.395557 1.045022 84.382224
4.327164 -2.398081 1.044921 84.480091
4.332166 -2.400607 1.044817 84.577956
4.337169 -2.403137 1.044710 84.675818
4.342171 -2.405671 1.044602 84.773677
4.347174 -2.408207 1.044492 84.871534
4.352176 -2.410747 1.044381 84.969387
4.357179 -2.413291 1.044267 85.067238
4.362181 -2.415838 1.044151 85.165086
4.367184 -2.418389 1.044033 85.262931
4.372186 -2.420944 1.043914 85.360773
4.377189 -2.423502 1.043793 85.458612
4.382191 -2.426064 1.043669 85.556447
4.387194 -2.428630 1.043545 85.654280
4.392196 -2.431200 1.043418 85.752109
4.397199 -2.433773 1.043290 85.849935
4.402201 -2.436351 1.043160 85.947758
4.407204 -2.438933 1.043029 86.045577
4.412206 -2.441519 1.042896 86.143394
4.417209 -2.444109 1.042761 86.241206
4.422211 -2.446703 1.042625 86.339016
4.427214 -2.449301 1.042487 86.436821
4.432216 -2.451904 1.042348 86.534624
4.437219 -2.454510 1.042207 86.632423
4.442221 -2.457122 1.042065 86.730218
4.447224 -2.459737 1.041922 86.828010
4.452226 -2.462357 1.041777 86.925798
4.457229 -2.464982 1.041631 87.023582
4.462231 -2.467611 1.041484 87.121363
4.467234 -2.470244 1.041336 87.219140
4.472236 -2.472883 1.041186 87.316913
4.477239 -2.475525 1.041035 87.414682
4.482241 -2.478172 1.040884 87.512448
4.487244 -2.480824 1.040731 87.610210
4.492246 -2.483481 1.040577 87.707968
4.497249 -2.486142 1.040422 87.805722
4.502251 -2.488809 1.040266 87.903472
4.507254 -2.491479 1.040109 88.001219
4.512256 -2.494155 1.039951 88.098961
4.517259 -2.496836 1.039792 88.196700
4.522261 -2.499521 1.039633 88.294434
4.527264 -2.502211 1.039472 88.392165
4.532266 -2.504906 1.039311 88.489892
4.537269 -2.507606 1.039150 88.587614
4.542271 -2.510311 1.038987 88.685333
4.547274 -2.513020 1.038824 88.783048
4.552276 -2.515735 1.038660 88.880758
4.557279 -2.518455 1.038496 88.978465
4.562281 -2.521179 1.038332 89.076167
4.567284 -2.523909 1.038166 89.173866
4.572286 -2.526644 1.038001 89.271560
4.577289 -2.529383 1.037835 89.369250
4.582291 -2.532128 1.037668 89.466937
4.587294 -2.534877 1.037502 89.564619
4.592296 -2.537632 1.037335 89.662297
4.597299 -2.540391 1.037168 89.759971
4.602301 -2.543156 1.037000 89.857641
4.607304 -2.545926 1.036833 89.955307
4.612306 -2.548700 1.036665 90.052968
4.617309 -2.551480 1.036497 90.150626
4.622311 -2.554264 1.036329 90.248280
4.627314 -2.557054 1.036161 90.345929
4.632316 -2.559849 1.035994 90.443575
4.637319 -2.562649 1.035826 90.541216
4.642321 -2.565453 1.035658 90.638853
4.647324 -2.568263 1.035491 90.736487
4.652326 -2.571078 1.035324 90.834116
4.657329 -2.573897 1.035157 90.931741
4.662331 -2.576722 1.034990 91.029362
4.667334 -2.579551 1.034823 91.126979
4.672336 -2.582386 1.034657 91.224593
4.677339 -2.585225 1.034491 91.322202
4.682341 -2.588069 1.034326 91.419807
4.687344 -2.590919 1.034161 91.517408
4.692346 -2.593773 1.033997 91.615005
4.697349 -2.596631 1.033833 91.712599
4.702351 -2.599495 1.033670 91.810188
4.707354 -2.602364 1.033507 91.907774
4.712356 -2.605237 1.033345 92.005356
4.717359 -2.608115 1.033184 92.102934
4.722361 -2.610998 1.033023 92.200508
4.727364 -2.613885 1.032863 92.298078
4.732366 -2.616777 1.032704 92.395644
4.737369 -2.619674 1.032546 92.493207
4.742371 -2.622576 1.032389 92.590766
4.747374 -2.625482 1.032232 92.688321
4.752376 -2.628392 1.032077 92.785873
4.757379 -2.631307 1.031922 92.883421
4.762381 -2.634227 1.031769 92.980965
4.767384 -2.637151 1.031616 93.078505
4.772386 -2.640080 1.031465 93.176043
4.777389 -2.643013 1.031315 93.273576
4.782391 -2.645950 1.031165 93.371106
4.787394 -2.648892 1.031018 93.468633
4.792396 -2.651837 1.030871 93.566156
4.797399 -2.654788 1.030725 93.663675
4.802401 -2.657742 1.030581 93.761192
4.807404 -2.660701 1.030438 93.858704
4.812406 -2.663663 1.030297 93.956214
4.817409 -2.666630 1.030157 94.053720
4.822411 -2.669601 1.030018 94.151223
4.827414 -2.672576 1.029881 94.248723
4.832416 -2.675554 1.029745 94.346220
4.837419 -2.678537 1.029611 94.443713
4.842421 -2.681524 1.029478 94.541204
4.847424 -2.684514 1.029347 94.638691
4.852426 -2.687508 1.029217 94.736175
4.857429 -2.690506 1.029089 94.833657
4.862431 -2.693507 1.028963 94.931135
4.867434 -2.696512 1.028839 95.028611
4.872436 -2.699521 1.028716 95.126083
4.877439 -2.702533 1.028595 95.223553
4.882441 -2.705549 1.028475 95.321020
4.887444 -2.708568 1.028358 95.418484
4.892446 -2.711590 1.028242 95.515946
4.897449 -2.714616 1.028128 95.613405
4.902451 -2.717645 1.028016 95.710861
4.907454 -2.720677 1.027906 95.808315
4.912456 -2.723712 1.027798 95.905766
4.917459 -2.726750 1.027691 96.003215
4.922461 -2.729792 1.027587 96.100661
4.927464 -2.732836 1.027485 96.198106
4.932466 -2.735883 1.027385 96.295547
4.937469 -2.738933 1.027286 96.392987
4.942471 -2.741986 1.027190 96.490424
4.947474 -2.745042 1.027096 96.587859
4.952476 -2.748100 1.027004 96.685292
4.957479 -2.751161 1.026914 96.782723
4.962481 -2.754224 1.026827 96.880152
4.967484 -2.757290 1.026741 96.977578
4.972486 -2.760358 1.026658 97.075003
4.977489 -2.763428 1.026577 97.172426
4.982491 -2.766501 1.026498 97.269848
4.987494 -2.769576 1.026421 97.367267
4.992496 -2.772653 1.026347 97.464685
4.997499 -2.775733 1.026275 97.562101
5.002501 -2.778814 1.026205 97.659515
5.007504 -2.781897 1.026137 97.756928
5.012506 -2.784982 1.026072 97.854339
5.017509 -2.788069 1.026009 97.951749
5.022511 -2.791158 1.025949 98.049158
5.027514 -2.794248 1.025890 98.146565
5.032516 -2.797340 1.025835 98.243971
5.037519 -2.800434 1.025781 98.341376
5.042521 -2.803529 1.025730 98.438779
5.047524 -2.806625 1.025682 98.536181
5.052526 -2.809723 1.025635 98.633583
5.057529 -2.812822 1.025592 98.730983
5.062531 -2.815923 1.025550 98.828382
5.067534 -2.819024 1.025512 98.925780
5.072536 -2.822126 1.025475 99.023178
5.077539 -2.825230 1.025441 99.120575
5.082541 -2.828334 1.025410 99.217971
5.087544 -2.831440 1.025381 99.315366
5.092546 -2.834546 1.025354 99.412761
5.097549 -2.837652 1.025331 99.510155
5.102551 -2.840760 1.025309 99.607548
5.107554 -2.843868 1.025290 99.704941
5.112556 -2.846976 1.025274 99.802334
5.117559 -2.850085 1.025260 99.899727
5.122561 -2.853194 1.025248 99.997119
5.127564 -2.856304 1.025239 100.094511
5.132566 -2.859414 1.025233 100.191902
5.137569 -2.862524 1.025229 100.289294
5.142571 -2.865634 1.025228 100.386685
5.147574 -2.868744 1.025229 100.484077
5.152576 -2.871854 1.025233 100.581468
5.157579 -2.874963 1.025239 100.678860
5.162581 -2.878073 1.025248 100.776252
5.167584 -2.881182 1.025259 100.873644
5.172586 -2.884291 1.025273 100.971036
5.177589 -2.887400 1.025289 101.068429
5.182591 -2.890508 1.025308 101.165822
5.187594 -2.893615 1.025329 101.263216
5.192596 -2.896722 1.025353 101.360610
5.197599 -2.899828 1.025379 101.458005
5.202601 -2.902933 1.025408 101.555400
5.207604 -2.906038 1.025440 101.652796
5.212606 -2.909141 1.025473 101.750192
5.217609 -2.912244 1.025510 101.847590
5.222611 -2.915345 1.025548 101.944988
5.227614 -2.918446 1.025589 102.042387
5.232616 -2.921545 1.025633 102.139788
5.237619 -2.924643 1.025679 102.237189
5.242621 -2.927739 1.025727 102.334591
5.247624 -2.930834 1.025778 102.431994
5.252626 -2.933928 1.025832 102.529399
5.257629 -2.937020 1.025887 102.626805
5.262631 -2.940110 1.025945 102.724212
5.267634 -2.943199 1.026006 102.821620
5.272636 -2.946286 1.026068 102.919030
5.277639 -2.949371 1.026134 103.016441
5.282641 -2.952455 1.026201 103.113854
5.287644 -2.955536 1.026271 103.211269
5.292646 -2.958616 1.026343 103.308685
5.297649 -2.961693 1.026417 103.406102
5.302651 -2.964768 1.026494 103.503522
5.307654 -2.967841 1.026572 103.600943
5.312656 -2.970912 1.026653 103.698366
5.317659 -2.973980 1.026737 103.795790
5.322661 -2.977046 1.026822 103.893217
5.327664 -2.980109 1.026910 103.990646
5.332666 -2.983170 1.026999 104.088077
5.337669 -2.986229 1.027091 104.185509
5.342671 -2.989284 1.027185 104.282944
5.347674 -2.992337 1.027281 104.380381
5.352676 -2.995387 1.027379 104.477821
5.357679 -2.998435 1.027479 104.575262
5.362681 -3.001479 1.027581 104.672706
5.367684 -3.004521 1.027686 104.770152
5.372686 -3.007559 1.027792 104.867601
5.377689 -3.010595 1.027900 104.965052
5.382691 -3.013627 1.028010 105.062506
5.387694 -3.016656 1.028122 105.159962
5.392696 -3.019682 1.028236 105.257421
5.397699 -3.022704 1.028351 105.354882
5.402701 -3.025724 1.028469 105.452347
5.407704 -3.028739 1.028588 105.549813
5.412706 -3.031752 1.028709 105.647283
5.417709 -3.034761 1.028832 105.744756
5.422711 -3.037766 1.028956 105.842231
5.427714 -3.040768 1.029082 105.939709
5.432716 -3.043766 1.029210 106.037190
5.437719 -3.046760 1.029340 106.134674
5.442721 -3.049750 1.029471 106.232162
5.447724 -3.052737 1.029603 106.329652
5.452726 -3.055720 1.029738 106.427145
5.457729 -3.058699 1.029873 106.524642
5.462731 -3.061674 1.030010 106.622141
5.467734 -3.064645 1.030149 106.719644
5.472736 -3.067612 1.030289 106.817150
5.477739 -3.070575 1.030431 106.914660
5.482741 -3.073534 1.030573 107.012172
5.487744 -3.076488 1.030717 107.109688
5.492746 -3.079439 1.030863 107.207208
5.497749 -3.082385 1.031009 107.304731
5.502751 -3.085327 1.031157 107.402257
5.507754 -3.088264 1.031306 107.499787
5.512756 -3.091197 1.031456 107.597320
5.517759 -3.094126 1.031608 107.694857
5.522761 -3.097051 1.031760 107.792397
5.527764 -3.099971 1.031914 107.889942
5.532766 -3.102886 1.032068 107.987489
5.537769 -3.105797 1.032224 108.085041
5.542771 -3.108703 1.032380 108.182596
5.547774 -3.111605 1.032537 108.280154
5.552776 -3.114502 1.032695 108.377717
5.557779 -3.117394 1.032854 108.475283
5.562781 -3.120282 1.033014 108.572853
5.567784 -3.123165 1.033175 108.670427
5.572786 -3.126043 1.033336 108.768005
5.577789 -3.128917 1.033498 108.865586
5.582791 -3.131786 1.033661 108.963171
5.587794 -3.134650 1.033824 109.060761
5.592796 -3.137509 1.033988 109.158354
5.597799 -3.140363 1.034152 109.255951
5.602801 -3.143212 1.034317 109.353552
5.607804 -3.146057 1.034482 109.451157
5.612806 -3.148897 1.034648 109.548766
5.617809 -3.151731 1.034814 109.646379
5.622811 -3.154561 1.034980 109.743996
5.627814 -3.157386 1.035147 109.841617
5.632816 -3.160206 1.035314 109.939242
5.637819 -3.163021 1.035482 110.036871
5.642821 -3.165831 1.035649 110.134504
5.647824 -3.168636 1.035817 110.232141
5.652826 -3.171436 1.035984 110.329782
5.657829 -3.174231 1.036152 110.427427
5.662831 -3.177021 1.036320 110.525077
5.667834 -3.179806 1.036488 110.622730
5.672836 -3.182586 1.036656 110.720387
5.677839 -3.185360 1.036823 110.818049
5.682841 -3.188130 1.036991 110.915715
5.687844 -3.190895 1.037158 111.013384
5.692846 -3.193655 1.037326 111.111058
5.697849 -3.196410 1.037493 111.208736
5.702851 -3.199160 1.037659 111.306418
5.707854 -3.201905 1.037826 111.404104
5.712856 -3.204644 1.037992 111.501794
5.717859 -3.207379 1.038157 111.599488
5.722861 -3.210109 1.038322 111.697186
5.727864 -3.212834 1.038487 111.794889
5.732866 -3.215554 1.038651 111.892595
5.737869 -3.218269 1.038815 111.990305
5.742871 -3.220979 1.038978 112.088020
5.747874 -3.223684 1.039141 112.185738
5.752876 -3.226384 1.039302 112.283461
5.757879 -3.229079 1.039463 112.381187
5.762881 -3.231770 1.039624 112.478917
5.767884 -3.234455 1.039783 112.576652
5.772886 -3.237136 1.039942 112.674390
5.777889 -3.239812 1.040100 112.772132
5.782891 -3.242483 1.040257 112.869879
5.787894 -3.245149 1.040413 112.967629
5.792896 -3.247811 1.040568 113.065383
5.797899 -3.250468 1.040722 113.163140
5.802901 -3.253120 1.040875 113.260902
5.807904 -3.255768 1.041027 113.358668
5.812906 -3.258411 1.041178 113.456437
5.817909 -3.261049 1.041328 113.554210
5.822911 -3.263683 1.041476 113.651987
5.827914 -3.266312 1.041623 113.749767
5.832916 -3.268937 1.041769 113.847551
5.837919 -3.271557 1.041914 113.945339
5.842921 -3.274173 1.042057 114.043131
5.847924 -3.276785 1.042199 114.140926
5.852926 -3.279392 1.042340 114.238724
5.857929 -3.281994 1.042479 114.336526
5.862931 -3.284593 1.042617 114.434332
5.867934 -3.287187 1.042753 114.532141
5.872936 -3.289778 1.042888 114.629954
5.877939 -3.292364 1.043021 114.727770
5.882941 -3.294946 1.043153 114.825589
5.887944 -3.297524 1.043283 114.923412
5.892946 -3.300097 1.043411 115.021237
5.897949 -3.302667 1.043538 115.119067
5.902951 -3.305234 1.043663 115.216899
5.907954 -3.307796 1.043786 115.314734
5.912956 -3.310354 1.043907 115.412573
5.917959 -3.312909 1.044027 115.510415
5.922961 -3.315460 1.044144 115.608259
5.927964 -3.318007 1.044260 115.706107
5.932966 -3.320551 1.044374 115.803958
5.937969 -3.323092 1.044486 115.901811
5.942971 -3.325629 1.044596 115.999668
5.947974 -3.328162 1.044705 116.097527
5.952976 -3.330692 1.044811 116.195389
5.957979 -3.333219 1.044915 116.293253
5.962981 -3.335743 1.045017 116.391121
5.967984 -3.338263 1.045117 116.488991
5.972986 -3.340781 1.045215 116.586863
5.977989 -3.343295 1.045311 116.684738
5.982991 -3.345807 1.045404 116.782615
5.987994 -3.348315 1.045496 116.880495
5.992996 -3.350821 1.045585 116.978377
5.997999 -3.353324 1.045672 117.076261
6.003002 -3.355824 1.045757 117.174148
6.008004 -3.358322 1.045839 117.272037
6.013007 -3.360817 1.045920 117.369927
6.018009 -3.363310 1.045998 117.467820
6.023012 -3.365800 1.046073 117.565715
6.028014 -3.368288 1.046147 117.663612
6.033017 -3.370773 1.046218 117.761510
6.038019 -3.373257 1.046286 117.859411
6.043022 -3.375738 1.046352 117.957313
6.048024 -3.378218 1.046416 118.055217
6.053027 -3.380695 1.046478 118.153123
6.058029 -3.383170 1.046537 118.251030
6.063032 -3.385644 1.046593 118.348938
6.068034 -3.388116 1.046647 118.446848
6.073037 -3.390586 1.046699 118.544760
6.078039 -3.393055 1.046748 118.642672
6.083042 -3.395522 1.046795 118.740586
6.088044 -3.397988 1.046839 118.838501
6.093047 -3.400452 1.046881 118.936418
6.098049 -3.402915 1.046920 119.034335
6.103052 -3.405377 1.046956 119.132253
6.108054 -3.407838 1.046990 119.230172
6.113057 -3.410297 1.047022 119.328092
6.118059 -3.412756 1.047051 119.426013
6.123062 -3.415214 1.047077 119.523935
6.128064 -3.417671 1.047101 119.621857
6.133067 -3.420128 1.047122 119.719780
6.138069 -3.422584 1.047140 119.817703
6.143072 -3.425039 1.047156 119.915627
6.148074 -3.427494 1.047170 120.013551
6.153077 -3.429948 1.047180 120.111475
6.158079 -3.432402 1.047189 120.209400
6.163082 -3.434856 1.047194 120.307325
6.168084 -3.437310 1.047197 120.405250
6.173087 -3.439764 1.047197 120.503175
6.178089 -3.442217 1.047195 120.601100
6.183092 -3.444671 1.047190 120.699025
6.188094 -3.447125 1.047183 120.796949
6.193097 -3.449580 1.047173 120.894874
6.198099 -3.452034 1.047160 120.992798
6.203102 -3.454490 1.047145 121.090722
6.208104 -3.456945 1.047127 121.188645
6.213107 -3.459401 1.047106 121.286568
6.218109 -3.461858 1.047083 121.384491
6.223112 -3.464316 1.047058 121.482412
6.228114 -3.466775 1.047030 121.580333
6.233117 -3.469234 1.046999 121.678254
6.238119 -3.471695 1.046965 121.776173
6.243122 -3.474156 1.046930 121.874091
6.248124 -3.476619 1.046891 121.972009
6.253127 -3.479083 1.046850 122.069925
6.258129 -3.481548 1.046807 122.167841
6.263132 -3.484015 1.046761 122.265755
6.268134 -3.486483 1.046712 122.363668
6.273137 -3.488953 1.046661 122.461580
6.278139 -3.491425 1.046608 122.559490
6.283142 -3.493898 1.046552 122.657399
6.288144 -3.496373 1.046494 122.755307
6.293147 -3.498850 1.046433 122.853213
6.298149 -3.501328 1.046370 122.951117
6.303152 -3.503809 1.046304 123.049020
6.308154 -3.506292 1.046236 123.146921
6.313157 -3.508777 1.046166 123.244820
6.318159 -3.511264 1.046093 123.342717
6.323162 -3.513754 1.046018 123.440612
6.328164 -3.516246 1.045941 123.538506
6.333167 -3.518740 1.045861 123.636397
6.338169 -3.521237 1.045779 123.734286
6.343172 -3.523737 1.045695 123.832173
6.348174 -3.526239 1.045608 123.930058
6.353177 -3.528744 1.045520 124.027941
6.358179 -3.531252 1.045429 124.125821
6.363182 -3.533763 1.045336 124.223699
6.368184 -3.536276 1.045240 124.321575
6.373187 -3.538793 1.045143 124.419448
6.378189 -3.541313 1.045044 124.517319
6.383192 -3.543836 1.044942 124.615187
6.388194 -3.546362 1.044839 124.713052
6.393197 -3.548891 1.044733 124.810915
6.398199 -3.551423 1.044625 124.908774
6.403202 -3.553959 1.044516 125.006632
6.408204 -3.556499 1.044404 125.104486
6.413207 -3.559042 1.044291 125.202337
6.418209 -3.561588 1.044175 125.300186
6.423212 -3.564138 1.044058 125.398031
6.428214 -3.566692 1.043939 125.495874
6.433217 -3.569250 1.043818 125.593713
6.438219 -3.571811 1.043696 125.691550
6.443222 -3.574376 1.043571 125.789383
6.448224 -3.576945 1.043445 125.887213
6.453227 -3.579518 1.043317 125.985040
6.458229 -3.582094 1.043188 126.082863
6.463232 -3.584675 1.043056 126.180683
6.468234 -3.587260 1.042924 126.278500
6.473237 -3.589849 1.042789 126.376313
6.478239 -3.592443 1.042654 126.474124
6.483242 -3.595040 1.042516 126.571930
6.488244 -3.597642 1.042377 126.669733
6.493247 -3.600248 1.042237 126.767533
6.498249 -3.602858 1.042095 126.865329
6.503252 -3.605473 1.041952 126.963121
6.508254 -3.608092 1.041808 127.060910
6.513257 -3.610715 1.041662 127.158695
6.518259 -3.613343 1.041515 127.256477
6.523262 -3.615976 1.041367 127.354254
6.528264 -3.618613 1.041218 127.452028
6.533267 -3.621255 1.041067 127.549799
6.538269 -3.623901 1.040916 127.647565
6.543272 -3.626552 1.040763 127.745328
6.548274 -3.629208 1.040609 127.843087
6.553277 -3.631868 1.040454 127.940842
6.558279 -3.634533 1.040299 128.038593
6.563282 -3.637203 1.040142 128.136340
6.568284 -3.639878 1.039984 128.234083
6.573287 -3.642557 1.039826 128.331823
6.578289 -3.645242 1.039666 128.429558
6.583292 -3.647931 1.039506 128.527290
6.588294 -3.650625 1.039345 128.625017
6.593297 -3.653324 1.039184 128.722741
6.598299 -3.656027 1.039021 128.820460
6.603302 -3.658736 1.038859 128.918176
6.608304 -3.661450 1.038695 129.015887
6.613307 -3.664168 1.038531 129.113594
6.618309 -3.666892 1.038366 129.211298
6.623312 -3.669620 1.038201 129.308997
6.628314 -3.672354 1.038036 129.406692
6.633317 -3.675092 1.037870 129.504384
6.638319 -3.677836 1.037704 129.602071
6.643322 -3.680584 1.037537 129.699754
6.648324 -3.683338 1.037370 129.797433
6.653327 -3.686096 1.037203 129.895107
6.658329 -3.688860 1.037036 129.992778
6.663332 -3.691628 1.036868 130.090445
6.668334 -3.694402 1.036700 130.188108
6.673337 -3.697181 1.036533 130.285766
6.678339 -3.699964 1.036365 130.383421
6.683342 -3.702753 1.036197 130.481071
6.688344 -3.705546 1.036029 130.578717
6.693347 -3.708345 1.035861 130.676359
6.698349 -3.711149 1.035694 130.773998
6.703352 -3.713957 1.035526 130.871632
6.708354 -3.716771 1.035359 130.969262
6.713357 -3.719590 1.035192 131.066888
6.718359 -3.722413 1.035025 131.164510
6.723362 -3.725242 1.034858 131.262128
6.728364 -3.728075 1.034692 131.359742
6.733367 -3.730913 1.034526 131.457352
6.738369 -3.733757 1.034361 131.554958
6.743372 -3.736605 1.034196 131.652560
6.748374 -3.739458 1.034031 131.750158
6.753377 -3.742315 1.033867 131.847752
6.758379 -3.745178 1.033704 131.945343
6.763382 -3.748046 1.033541 132.042929
6.768384 -3.750918 1.033379 132.140512
6.773387 -3.753795 1.033218 132.238090
6.778389 -3.756677 1.033057 132.335665
6.783392 -3.759563 1.032897 132.433236
6.788394 -3.762454 1.032738 132.530803
6.793397 -3.765350 1.032579 132.628367
6.798399 -3.768251 1.032422 132.725927
6.803402 -3.771156 1.032265 132.823483
6.808404 -3.774065 1.032109 132.921035
6.813407 -3.776980 1.031955 133.018584
6.818409 -3.779898 1.031801 133.116129
6.823412 -3.782821 1.031648 133.213670
6.828414 -3.785749 1.031497 133.311208
6.833417 -3.788681 1.031346 133.408742
6.838419 -3.791617 1.031197 133.506273
6.843422 -3.794558 1.031049 133.603800
6.848424 -3.797503 1.030902 133.701324
6.853427 -3.800452 1.030756 133.798844
6.858429 -3.803406 1.030612 133.896361
6.863432 -3.806364 1.030468 133.993875
6.868434 -3.809325 1.030327 134.091385
6.873437 -3.812291 1.030186 134.188892
6.878439 -3.815261 1.030047 134.286396
6.883442 -3.818235 1.029910 134.383896
6.888444 -3.821213 1.029774 134.481394
6.893447 -3.824195 1.029639 134.578888
6.898449 -3.827181 1.029506 134.676379
6.903452 -3.830170 1.029374 134.773867
6.908454 -3.833164 1.029245 134.871352
6.913457 -3.836161 1.029116 134.968834
6.918459 -3.839161 1.028990 135.066313
6.923462 -3.842166 1.028865 135.163789
6.928464 -3.845174 1.028742 135.261262
6.933467 -3.848185 1.028620 135.358732
6.938469 -3.851200 1.028500 135.456200
6.943472 -3.854218 1.028382 135.553665
6.948474 -3.857240 1.028266 135.651127
6.953477 -3.860265 1.028152 135.748587
6.958479 -3.863293 1.028040 135.846044
6.963482 -3.866325 1.027929 135.943498
6.968484 -3.869359 1.027820 136.040950
6.973487 -3.872397 1.027714 136.138399
6.978489 -3.875437 1.027609 136.235846
6.983492 -3.878481 1.027506 136.333290
6.988494 -3.881528 1.027406 136.430733
6.993497 -3.884577 1.027307 136.528173
6.998499 -3.887629 1.027210 136.625610
7.003502 -3.890684 1.027116 136.723046
7.008504 -3.893742 1.027023 136.820479
7.013507 -3.896802 1.026933 136.917910
7.018509 -3.899865 1.026845 137.015340
7.023512 -3.902930 1.026759 137.112767
7.028514 -3.905998 1.026675 137.210192
7.033517 -3.909068 1.026594 137.307616
7.038519 -3.912140 1.026514 137.405037
7.043522 -3.915215 1.026437 137.502457
7.048524 -3.918292 1.026362 137.599875
7.053527 -3.921370 1.026290 137.697292
7.058529 -3.924451 1.026219 137.794706
7.063532 -3.927534 1.026151 137.892120
7.068534 -3.930619 1.026086 137.989531
7.073537 -3.933705 1.026022 138.086941
7.078539 -3.936794 1.025961 138.184350
7.083542 -3.939884 1.025903 138.281758
7.088544 -3.942975 1.025846 138.379164
7.093547 -3.946069 1.025792 138.476569
7.098549 -3.949163 1.025741 138.573972
7.103552 -3.952260 1.025692 138.671375
7.108554 -3.955357 1.025645 138.768776
7.113557 -3.958456 1.025601 138.866177
7.118559 -3.961556 1.025559 138.963576
7.123562 -3.964657 1.025520 139.060975
7.128564 -3.967759 1.025483 139.158373
7.133567 -3.970863 1.025448 139.255770
7.138569 -3.973967 1.025416 139.353166
7.143572 -3.977072 1.025387 139.450561
7.148574 -3.980178 1.025360 139.547956
7.153577 -3.983284 1.025335 139.645350
7.158579 -3.986392 1.025313 139.742744
7.163582 -3.989500 1.025294 139.840137
7.168584 -3.992608 1.025277 139.937530
7.173587 -3.995717 1.025262 140.034922
7.178589 -3.998826 1.025250 140.132314
7.183592 -4.001935 1.025241 140.229706
7.188594 -4.005045 1.025234 140.327098
7.193597 -4.008155 1.025230 140.424490
7.198599 -4.011265 1.025228 140.521881
7.203602 -4.014375 1.025229 140.619273
7.208604 -4.017485 1.025232 140.716664
7.213607 -4.020595 1.025237 140.814056
7.218609 -4.023704 1.025246 140.911448
7.223612 -4.026814 1.025256 141.008840
7.228614 -4.029923 1.025270 141.106232
7.233617 -4.033031 1.025285 141.203625
7.238619 -4.036139 1.025304 141.301018
7.243622 -4.039247 1.025325 141.398411
7.248624 -4.042354 1.025348 141.495805
7.253627 -4.045460 1.025374 141.593200
7.258629 -4.048566 1.025402 141.690595
7.263632 -4.051670 1.025433 141.787991
7.268634 -4.054774 1.025466 141.885387
7.273637 -4.057877 1.025502 141.982784
7.278639 -4.060979 1.025540 142.080182
7.283642 -4.064079 1.025581 142.177582
7.288644 -4.067179 1.025624 142.274981
7.293647 -4.070277 1.025669 142.372382
7.298649 -4.073373 1.025717 142.469784
7.303652 -4.076469 1.025767 142.567188
7.308654 -4.079563 1.025820 142.664592
7.313657 -4.082655 1.025875 142.761997
7.318659 -4.085746 1.025933 142.859404
7.323662 -4.088835 1.025993 142.956812
7.328664 -4.091923 1.026055 143.054222
7.333667 -4.095008 1.026120 143.151633
7.338669 -4.098092 1.026187 143.249045
7.343672 -4.101174 1.026256 143.346459
7.348674 -4.104254 1.026327 143.443875
7.353677 -4.107331 1.026401 143.541292
7.358679 -4.110407 1.026477 143.638711
7.363682 -4.113480 1.026556 143.736132
7.368684 -4.116552 1.026636 143.833555
7.373687 -4.119620 1.026719 143.930979
7.378689 -4.122687 1.026804 144.028405
7.383692 -4.125751 1.026891 144.125834
7.388694 -4.128812 1.026980 144.223264
7.393697 -4.131871 1.027072 144.320696
7.398699 -4.134927 1.027165 144.418131
7.403702 -4.137981 1.027261 144.515567
7.408704 -4.141032 1.027358 144.613006
7.413707 -4.144080 1.027458 144.710447
7.418709 -4.147125 1.027560 144.807891
7.423712 -4.150167 1.027663 144.905337
7.428714 -4.153206 1.027769 145.002785
7.433717 -4.156242 1.027877 145.100235
7.438719 -4.159275 1.027986 145.197688
7.443722 -4.162305 1.028098 145.295144
7.448724 -4.165331 1.028211 145.392602
7.453727 -4.168355 1.028327 145.490063
7.458729 -4.171374 1.028444 145.587527
7.463732 -4.174391 1.028563 145.684993
7.468734 -4.177404 1.028683 145.782462
7.473737 -4.180414 1.028806 145.879934
7.478739 -4.183420 1.028930 145.977409
7.483742 -4.186422 1.029056 146.074886
7.488744 -4.189421 1.029183 146.172367
7.493747 -4.192416 1.029312 146.269850
7.498749 -4.195407 1.029443 146.367337
7.503752 -4.198395 1.029575 146.464827
7.508754 -4.201379 1.029709 146.562319
7.513757 -4.204358 1.029845 146.659815
7.518759 -4.207334 1.029981 146.757314
7.523762 -4.210306 1.030120 146.854816
7.528764 -4.213274 1.030259 146.952322
7.533767 -4.216238 1.030401 147.049830
7.538769 -4.219197 1.030543 147.147342
7.543772 -4.222153 1.030687 147.244858
7.548774 -4.225104 1.030832 147.342376
7.553777 -4.228051 1.030978 147.439899
7.558779 -4.230994 1.031126 147.537424
7.563782 -4.233933 1.031275 147.634953
7.568784 -4.236867 1.031425 147.732486
7.573787 -4.239796 1.031576 147.830022
7.578789 -4.242722 1.031728 147.927562
7.583792 -4.245642 1.031881 148.025105
7.588794 -4.248559 1.032035 148.122652
7.593797 -4.251471 1.032191 148.220202
7.598799 -4.254378 1.032347 148.317757
7.603802 -4.257281 1.032504 148.415315
7.608804 -4.260179 1.032662 148.512876
7.613807 -4.263072 1.032821 148.610442
7.618809 -4.265961 1.032980 148.708011
7.623812 -4.268845 1.033141 148.805584
7.628814 -4.271724 1.033302 148.903161
7.633817 -4.274599 1.033464 149.000741
7.638819 -4.277468 1.033626 149.098326
7.643822 -4.280333 1.033789 149.195914
7.648824 -4.283194 1.033953 149.293507
7.653827 -4.286049 1.034117 149.391103
7.658829 -4.288899 1.034282 149.488703
7.663832 -4.291745 1.034447 149.586307
7.668834 -4.294586 1.034613 149.683916
7.673837 -4.297421 1.034779 149.781528
7.678839 -4.300252 1.034945 149.879144
7.683842 -4.303078 1.035112 149.976764
7.688844 -4.305899 1.035279 150.074388
7.693847 -4.308715 1.035446 150.172016
7.698849 -4.311526 1.035614 150.269648
7.703852 -4.314332 1.035781 150.367285
7.708854 -4.317133 1.035949 150.464925
7.713857 -4.319929 1.036117 150.562569
7.718859 -4.322720 1.036285 150.660218
7.723862 -4.325506 1.036452 150.757870
7.728864 -4.328287 1.036620 150.855527
7.733867 -4.331063 1.036788 150.953187
7.738869 -4.333834 1.036956 151.050852
7.743872 -4.336600 1.037123 151.148521
7.748874 -4.339361 1.037290 151.246194
7.753877 -4.342117 1.037457 151.343871
7.758879 -4.344868 1.037624 151.441552
7.763882 -4.347613 1.037791 151.539237
7.768884 -4.350354 1.037957 151.636926
7.773887 -4.353090 1.038122 151.734620
7.778889 -4.355821 1.038288 151.832317
7.783892 -4.358547 1.038452 151.930018
7.788894 -4.361268 1.038617 152.027724
7.793897 -4.363984 1.038781 152.125433
7.798899 -4.366695 1.038944 152.223147
7.803902 -4.369401 1.039106 152.320865
7.808904 -4.372102 1.039268 152.418586
7.813907 -4.374799 1.039429 152.516312
7.818909 -4.377490 1.039590 152.614041
7.823912 -4.380177 1.039750 152.711775
7.828914 -4.382859 1.039909 152.809512
7.833917 -4.385535 1.040067 152.907254
7.838919 -4.388208 1.040224 153.004999
7.843922 -4.390875 1.040380 153.102748
7.848924 -4.393538 1.040535 153.200502
7.853927 -4.396195 1.040690 153.298259
7.858929 -4.398849 1.040843 153.396019
7.863932 -4.401497 1.040995 153.493784
7.868934 -4.404141 1.041146 153.591553
7.873937 -4.406780 1.041296 153.689325
7.878939 -4.409415 1.041445 153.787101
7.883942 -4.412045 1.041592 153.884881
7.888944 -4.414671 1.041739 153.982664
7.893947 -4.417292 1.041884 154.080451
7.898949 -4.419909 1.042027 154.178242
7.903952 -4.422522 1.042170 154.276036
7.908954 -4.425130 1.042311 154.373834
7.913957 -4.427733 1.042450 154.471635
7.918959 -4.430333 1.042588 154.569440
7.923962 -4.432928 1.042725 154.667249
7.928964 -4.435519 1.042860 154.765060
7.933967 -4.438106 1.042993 154.862876
7.938969 -4.440689 1.043125 154.960694
7.943972 -4.443268 1.043255 155.058516
7.948974 -4.445842 1.043384 155.156341
7.953977 -4.448413 1.043511 155.254170
7.958979 -4.450980 1.043636 155.352001
7.963982 -4.453543 1.043760 155.449836
7.968984 -4.456102 1.043882 155.547674
7.973987 -4.458658 1.044002 155.645515
7.978989 -4.461210 1.044120 155.743359
7.983992 -4.463758 1.044236 155.841206
7.988994 -4.466303 1.044350 155.939056
7.993997 -4.468844 1.044463 156.036909
7.998999 -4.471381 1.044573 156.134765
8.004002 -4.473915 1.044682 156.232624
8.009005 -4.476446 1.044788 156.330485
8.014007 -4.478974 1.044893 156.428349
8.019010 -4.481498 1.044996 156.526216
8.024012 -4.484019 1.045096 156.624085
8.029015 -4.486537 1.045194 156.721957
8.034017 -4.489053 1.045290 156.819831
8.039020 -4.491565 1.045385 156.917708
8.044022 -4.494074 1.045476 157.015588
8.049025 -4.496580 1.045566 157.113469
8.054027 -4.499084 1.045654 157.211353
8.059030 -4.501585 1.045739 157.309239
8.064032 -4.504083 1.045822 157.407127
8.069035 -4.506578 1.045903 157.505018
8.074037 -4.509072 1.045981 157.602910
8.079040 -4.511562 1.046057 157.700805
8.084042 -4.514051 1.046131 157.798701
8.089045 -4.516537 1.046203 157.896599
8.094047 -4.519021 1.046272 157.994499
8.099050 -4.521503 1.046339 158.092401
8.104052 -4.523982 1.046403 158.190305
8.109055 -4.526460 1.046465 158.288210
8.114057 -4.528936 1.046525 158.386116
8.119060 -4.531410 1.046582 158.484025
8.124062 -4.533882 1.046636 158.581934
8.129065 -4.536353 1.046688 158.679846
8.134067 -4.538822 1.046738 158.777758
8.139070 -4.541289 1.046785 158.875672
8.144072 -4.543755 1.046830 158.973586
8.149075 -4.546220 1.046872 159.071502
8.154077 -4.548683 1.046912 159.169420
8.159080 -4.551145 1.046949 159.267338
8.164082 -4.553606 1.046983 159.365257
8.169085 -4.556066 1.047015 159.463176
8.174087 -4.558525 1.047045 159.561097
8.179090 -4.560983 1.047071 159.659019
8.184092 -4.563441 1.047096 159.756941
8.189095 -4.565897 1.047117 159.854863
8.194097 -4.568353 1.047137 159.952786
8.199100 -4.570809 1.047153 160.050710
8.204102 -4.573263 1.047167 160.148634
8.209105 -4.575718 1.047178 160.246558
8.214107 -4.578172 1.047187 160.344483
8.219110 -4.580626 1.047193 160.442408
8.224112 -4.583080 1.047197 160.540333
8.229115 -4.585534 1.047198 160.638258
8.234117 -4.587987 1.047196 160.736183
8.239120 -4.590441 1.047191 160.834108
8.244122 -4.592895 1.047185 160.932033
8.249125 -4.595350 1.047175 161.029957
8.254127 -4.597804 1.047163 161.127881
8.259130 -4.600259 1.047148 161.225805
8.264132 -4.602715 1.047131 161.323729
8.269135 -4.605171 1.047111 161.421652
8.274137 -4.607628 1.047088 161.519574
8.279140 -4.610085 1.047063 161.617496
8.284142 -4.612544 1.047036 161.715417
8.289145 -4.615003 1.047006 161.813338
8.294147 -4.617463 1.046973 161.911257
8.299150 -4.619925 1.046937 162.009176
8.304152 -4.622387 1.046900 162.107094
8.309155 -4.624851 1.046859 162.205011
8.314157 -4.627316 1.046816 162.302926
8.319160 -4.629782 1.046771 162.400841
8.324162 -4.632250 1.046723 162.498754
8.329165 -4.634720 1.046672 162.596666
8.334167 -4.637191 1.046619 162.694577
8.339170 -4.639664 1.046564 162.792486
8.344172 -4.642138 1.046506 162.890394
8.349175 -4.644615 1.046446 162.988300
8.354177 -4.647093 1.046383 163.086205
8.359180 -4.649573 1.046318 163.184108
8.364182 -4.652056 1.046251 163.282009
8.369185 -4.654540 1.046181 163.379909
8.374187 -4.657027 1.046109 163.477806
8.379190 -4.659516 1.046034 163.575702
8.384192 -4.662008 1.045957 163.673596
8.389195 -4.664502 1.045878 163.771488
8.394197 -4.666998 1.045796 163.869377
8.399200 -4.669497 1.045713 163.967265
8.404202 -4.671999 1.045627 164.065150
8.409205 -4.674503 1.045539 164.163033
8.414207 -4.677010 1.045448 164.260914
8.419210 -4.679520 1.045356 164.358793
8.424212 -4.682033 1.045261 164.456669
8.429215 -4.684549 1.045164 164.554542
8.434217 -4.687069 1.045065 164.652413
8.439220 -4.689591 1.044964 164.750282
8.444222 -4.692116 1.044861 164.848148
8.449225 -4.694645 1.044756 164.946011
8.454227 -4.697176 1.044648 165.043872
8.459230 -4.699712 1.044539 165.141729
8.464232 -4.702250 1.044428 165.239584
8.469235 -4.704793 1.044315 165.337436
8.474237 -4.707338 1.044200 165.435285
8.479240 -4.709888 1.044083 165.533132
8.484242 -4.712441 1.043964 165.630975
8.489245 -4.714997 1.043844 165.728815
8.494247 -4.717558 1.043722 165.826652
8.499250 -4.720122 1.043598 165.924486
8.504252 -4.722690 1.043472 166.022316
8.509255 -4.725262 1.043344 166.120144
8.514257 -4.727838 1.043215 166.217968
8.519260 -4.730418 1.043084 166.315789
8.524262 -4.733002 1.042952 166.413606
8.529265 -4.735590 1.042818 166.511421
8.534267 -4.738183 1.042682 166.609231
8.539270 -4.740779 1.042545 166.707039
8.544272 -4.743380 1.042407 166.804842
8.549275 -4.745985 1.042267 166.902643
8.554277 -4.748595 1.042125 167.000440
8.559280 -4.751208 1.041983 167.098233
8.564282 -4.753827 1.041839 167.196022
8.569285 -4.756449 1.041693 167.293808
8.574287 -4.759076 1.041547 167.391590
8.579290 -4.761708 1.041399 167.489369
8.584292 -4.764344 1.041249 167.587144
8.589295 -4.766985 1.041099 167.684915
8.594297 -4.769630 1.040948 167.782682
8.599300 -4.772280 1.040795 167.880446
8.604302 -4.774935 1.040642 167.978205
8.609305 -4.777594 1.040487 168.075961
8.614307 -4.780258 1.040331 168.173713
8.619310 -4.782927 1.040175 168.271461
8.624312 -4.785601 1.040018 168.369205
8.629315 -4.788279 1.039859 168.466945
8.634317 -4.790962 1.039700 168.564682
8.639320 -4.793651 1.039540 168.662414
8.644322 -4.796343 1.039379 168.760142
8.649325 -4.799041 1.039218 168.857867
8.654327 -4.801744 1.039056 168.955587
8.659330 -4.804452 1.038893 169.053303
8.664332 -4.807164 1.038730 169.151016
8.669335 -4.809882 1.038566 169.248724
8.674337 -4.812604 1.038401 169.346428
8.679340 -4.815332 1.038236 169.444128
8.684342 -4.818064 1.038071 169.541824
8.689345 -4.820802 1.037905 169.639516
8.694347 -4.823544 1.037739 169.737204
8.699350 -4.826292 1.037572 169.834888
8.704352 -4.829044 1.037405 169.932568
8.709355 -4.831802 1.037238 170.030244
8.714357 -4.834564 1.037071 170.127915
8.719360 -4.837332 1.036903 170.225583
8.724362 -4.840104 1.036736 170.323247
8.729365 -4.842882 1.036568 170.420906
8.734367 -4.845664 1.036400 170.518561
8.739370 -4.848452 1.036232 170.616212
8.744372 -4.851244 1.036065 170.713860
8.749375 -4.854042 1.035897 170.811503
8.754377 -4.856844 1.035729 170.909142
8.759380 -4.859652 1.035562 171.006777
8.764382 -4.862465 1.035394 171.104408
8.769385 -4.865282 1.035227 171.202035
8.774387 -4.868105 1.035060 171.299657
8.779390 -4.870932 1.034893 171.397276
8.784392 -4.873764 1.034727 171.494891
8.789395 -4.876602 1.034561 171.592502
8.794397 -4.879444 1.034396 171.690109
8.799400 -4.882291 1.034231 171.787712
8.804402 -4.885143 1.034066 171.885311
8.809405 -4.888000 1.033902 171.982906
8.814407 -4.890861 1.033739 172.080497
8.819410 -4.893728 1.033576 172.178084
8.824412 -4.896599 1.033413 172.275667
8.829415 -4.899475 1.033252 172.373247
8.834417 -4.902356 1.033091 172.470823
8.839420 -4.905241 1.032931 172.568394
8.844422 -4.908132 1.032771 172.665963
8.849425 -4.911026 1.032613 172.763527
8.854427 -4.913926 1.032455 172.861087
8.859430 -4.916830 1.032298 172.958644
8.864432 -4.919739 1.032142 173.056197
8.869435 -4.922652 1.031987 173.153747
8.874437 -4.925570 1.031833 173.251292
8.879440 -4.928492 1.031680 173.348835
8.884442 -4.931419 1.031529 173.446373
8.889445 -4.934350 1.031378 173.543908
8.894447 -4.937285 1.031228 173.641440
8.899450 -4.940225 1.031080 173.738968
8.904452 -4.943169 1.030933 173.836492
8.909455 -4.946117 1.030787 173.934013
8.914457 -4.949070 1.030642 174.031531
8.919460 -4.952027 1.030499 174.129045
8.924462 -4.954988 1.030356 174.226556
8.929465 -4.957953 1.030216 174.324064
8.934467 -4.960922 1.030076 174.421568
8.939470 -4.963895 1.029939 174.519069
8.944472 -4.966872 1.029802 174.616567
8.949475 -4.969853 1.029667 174.714062
8.954477 -4.972838 1.029534 174.811554
8.959480 -4.975827 1.029402 174.909043
8.964482 -4.978819 1.029272 175.006528
8.969485 -4.981816 1.029143 175.104011
8.974487 -4.984816 1.029016 175.201490
8.979490 -4.987819 1.028891 175.298967
8.984492 -4.990826 1.028767 175.396441
8.989495 -4.993837 1.028646 175.493912
8.994497 -4.996851 1.028525 175.591380
8.999500 -4.999869 1.028407 175.688846
9.004502 -5.002890 1.028291 175.786308
9.009505 -5.005914 1.028176 175.883768
9.014507 -5.008942 1.028063 175.981226
9.019510 -5.011972 1.027952 176.078681
9.024512 -5.015006 1.027843 176.176133
9.029515 -5.018043 1.027736 176.273583
9.034517 -5.021083 1.027631 176.371030
9.039520 -5.024126 1.027528 176.468475
9.044522 -5.027172 1.027427 176.565918
9.049525 -5.030221 1.027328 176.663358
9.054527 -5.033273 1.027231 176.760797
9.059530 -5.036327 1.027136 176.858233
9.064532 -5.039384 1.027043 176.955666
9.069535 -5.042444 1.026952 177.053098
9.074537 -5.045506 1.026863 177.150528
9.079540 -5.048571 1.026777 177.247955
9.084542 -5.051638 1.026693 177.345381
9.089545 -5.054708 1.026611 177.442805
9.094547 -5.057780 1.026531 177.540227
9.099550 -5.060854 1.026453 177.637647
9.104552 -5.063930 1.026378 177.735066
9.109555 -5.067008 1.026305 177.832482
9.114557 -5.070089 1.026234 177.929897
9.119560 -5.073171 1.026165 178.027311
9.124562 -5.076255 1.026099 178.124723
9.129565 -5.079342 1.026035 178.222133
9.134567 -5.082430 1.025974 178.319543
9.139570 -5.085519 1.025915 178.416950
9.144572 -5.088611 1.025858 178.514357
9.149575 -5.091704 1.025804 178.611762
9.154577 -5.094798 1.025751 178.709166
9.159580 -5.097894 1.025702 178.806569
9.164582 -5.100991 1.025655 178.903970
9.169585 -5.104090 1.025610 179.001371
9.174587 -5.107189 1.025568 179.098771
9.179590 -5.110290 1.025528 179.196169
9.184592 -5.113392 1.025490 179.293567
9.189595 -5.116495 1.025455 179.390964
9.194597 -5.119599 1.025423 179.488361
9.199600 -5.122704 1.025393 179.585756
9.204602 -5.125810 1.025365 179.683151
9.209605 -5.128917 1.025340 179.780545
9.214607 -5.132024 1.025318 179.877939
9.219610 -5.135131 1.025298 179.975332
9.224612 -5.138240 1.025280 180.072725
9.229615 -5.141348 1.025265 180.170118
9.234617 -5.144458 1.025253 180.267510
9.239620 -5.147567 1.025243 180.364902
9.244622 -5.150677 1.025235 180.462294
9.249625 -5.153787 1.025230 180.559685
9.254627 -5.156897 1.025228 180.657077
9.259630 -5.160007 1.025228 180.754469
9.264632 -5.163116 1.025231 180.851860
9.269635 -5.166226 1.025236 180.949252
9.274637 -5.169336 1.025244 181.046643
9.279640 -5.172445 1.025254 181.144035
9.284642 -5.175554 1.025267 181.241428
9.289645 -5.178663 1.025282 181.338820
9.294647 -5.181771 1.025300 181.436213
9.299650 -5.184879 1.025320 181.533607
9.304652 -5.187986 1.025343 181.631000
9.309655 -5.191093 1.025368 181.728395
9.314657 -5.194198 1.025396 181.825790
9.319660 -5.197303 1.025426 181.923185
9.324662 -5.200407 1.025459 182.020582
9.329665 -5.203510 1.025494 182.117979
9.334667 -5.206612 1.025532 182.215377
9.339670 -5.209713 1.025572 182.312776
9.344672 -5.212812 1.025614 182.410175
9.349675 -5.215911 1.025659 182.507576
9.354677 -5.219008 1.025707 182.604978
9.359680 -5.222104 1.025757 182.702381
9.364682 -5.225198 1.025809 182.799785
9.369685 -5.228291 1.025864 182.897190
9.374687 -5.231382 1.025921 182.994597
9.379690 -5.234471 1.025980 183.092005
9.384692 -5.237559 1.026042 183.189414
9.389695 -5.240645 1.026106 183.286825
9.394697 -5.243729 1.026172 183.384237
9.399700 -5.246811 1.026241 183.481650
9.404702 -5.249892 1.026312 183.579066
9.409705 -5.252970 1.026385 183.676483
9.414707 -5.256046 1.026461 183.773901
9.419710 -5.259120 1.026539 183.871322
9.424712 -5.262191 1.026619 183.968744
9.429715 -5.265261 1.026701 184.066168
9.434717 -5.268328 1.026786 184.163594
9.439720 -5.271392 1.026872 184.261022
9.444722 -5.274454 1.026961 184.358451
9.449725 -5.277514 1.027052 184.455883
9.454727 -5.280570 1.027145 184.553317
9.459730 -5.283624 1.027240 184.650754
9.464732 -5.286676 1.027337 184.748192
9.469735 -5.289724 1.027437 184.845633
9.474737 -5.292770 1.027538 184.943075
9.479740 -5.295813 1.027641 185.040521
9.484742 -5.298853 1.027747 185.137968
9.489745 -5.301889 1.027854 185.235419
9.494747 -5.304923 1.027963 185.332871
9.499750 -5.307953 1.028074 185.430326
9.504752 -5.310981 1.028187 185.527784
9.509755 -5.314005 1.028302 185.625244
9.514757 -5.317025 1.028419 185.722707
9.519760 -5.320042 1.028537 185.820173
9.524762 -5.323056 1.028658 185.917641
9.529765 -5.326067 1.028780 186.015113
9.534767 -5.329073 1.028903 186.112587
9.539770 -5.332077 1.029029 186.210064
9.544772 -5.335076 1.029156 186.307544
9.549775 -5.338072 1.029285 186.405027
9.554777 -5.341064 1.029415 186.502512
9.559780 -5.344053 1.029547 186.600001
9.564782 -5.347037 1.029681 186.697493
9.569785 -5.350018 1.029816 186.794989
9.574787 -5.352994 1.029952 186.892487
9.579790 -5.355967 1.030090 186.989988
9.584792 -5.358936 1.030230 187.087493
9.589795 -5.361900 1.030371 187.185001
9.594797 -5.364861 1.030513 187.282512
9.599800 -5.367817 1.030656 187.380027
9.604802 -5.370770 1.030801 187.477545
9.609805 -5.373717 1.030947 187.575066
9.614807 -5.376661 1.031095 187.672591
9.619810 -5.379601 1.031243 187.770120
9.624812 -5.382536 1.031393 187.867652
9.629815 -5.385466 1.031544 187.965187
9.634817 -5.388392 1.031696 188.062726
9.639820 -5.391314 1.031849 188.160268
9.644822 -5.394232 1.032003 188.257815
9.649825 -5.397144 1.032158 188.355364
9.654827 -5.400053 1.032314 188.452918
9.659830 -5.402956 1.032471 188.550475
9.664832 -5.405855 1.032629 188.648036
9.669835 -5.408750 1.032787 188.745601
9.674837 -5.411639 1.032947 188.843169
9.679840 -5.414524 1.033107 188.940741
9.684842 -5.417405 1.033268 189.038317
9.689845 -5.420280 1.033430 189.135897
9.694847 -5.423151 1.033592 189.233481
9.699850 -5.426017 1.033755 189.331068
9.704852 -5.428878 1.033918 189.428660
9.709855 -5.431734 1.034083 189.526255
9.714857 -5.434586 1.034247 189.623855
9.719860 -5.437433 1.034412 189.721458
9.724862 -5.440274 1.034578 189.819065
9.729865 -5.443111 1.034744 189.916677
9.734867 -5.445943 1.034910 190.014292
9.739870 -5.448770 1.035077 190.111911
9.744872 -5.451592 1.035244 190.209534
9.749875 -5.454409 1.035411 190.307162
9.754877 -5.457221 1.035578 190.404793
9.759880 -5.460028 1.035746 190.502428
9.764882 -5.462830 1.035914 190.600068
9.769885 -5.465627 1.036081 190.697711
9.774887 -5.468419 1.036249 190.795359
9.779890 -5.471206 1.036417 190.893011
9.784892 -5.473988 1.036585 190.990666
9.789895 -5.476765 1.036753 191.088326
9.794897 -5.479537 1.036920 191.185990
9.799900 -5.482304 1.037088 191.283658
9.804902 -5.485066 1.037255 191.381330
9.809905 -5.487823 1.037422 191.479006
9.814907 -5.490575 1.037589 191.576686
9.819910 -5.493322 1.037755 191.674371
9.824912 -5.496064 1.037922 191.772059
9.829915 -5.498801 1.038087 191.869751
9.834917 -5.501533 1.038253 191.967448
9.839920 -5.504260 1.038418 192.065149
9.844922 -5.506982 1.038582 192.162853
9.849925 -5.509699 1.038746 192.260562
9.854927 -5.512411 1.038909 192.358275
9.859930 -5.515118 1.039072 192.455991
9.864932 -5.517821 1.039234 192.553712
9.869935 -5.520518 1.039396 192.651437
9.874937 -5.523210 1.039556 192.749165
9.879940 -5.525898 1.039716 192.846898
9.884942 -5.528581 1.039875 192.944635
9.889945 -5.531259 1.040033 193.042375
9.894947 -5.533932 1.040191 193.140120
9.899950 -5.536600 1.040347 193.237868
9.904952 -5.539264 1.040503 193.335621
9.909955 -5.541923 1.040657 193.433377
9.914957 -5.544577 1.040811 193.531137
9.919960 -5.547226 1.040963 193.628901
9.924962 -5.549871 1.041114 193.726669
9.929965 -5.552512 1.041264 193.824440
9.934967 -5.555147 1.041413 193.922215
9.939970 -5.557779 1.041561 194.019994
9.944972 -5.560405 1.041708 194.117777
9.949975 -5.563027 1.041853 194.215563
9.954977 -5.565645 1.041997 194.313353
9.959980 -5.568258 1.042140 194.411146
9.964982 -5.570867 1.042281 194.508944
9.969985 -5.573472 1.042421 194.606744
9.974987 -5.576072 1.042559 194.704548
9.979990 -5.578669 1.042696 194.802356
9.984992 -5.581260 1.042831 194.900167
9.989995 -5.583848 1.042965 194.997982
9.994997 -5.586432 1.043097 195.095800
10.000000 -5.589012 1.043228 195.193620
