t psi theta phi
0.000000 0.000000 1.483530 0.000000
0.010005 -0.000001 1.483521 0.168167
0.020010 -0.000009 1.483496 0.336328
0.030015 -0.000030 1.483453 0.504475
0.040020 -0.000070 1.483393 0.672603
0.050025 -0.000137 1.483316 0.840704
0.060030 -0.000237 1.483223 1.008773
0.070035 -0.000375 1.483112 1.176803
0.080040 -0.000559 1.482985 1.344789
0.090045 -0.000794 1.482841 1.512723
0.100050 -0.001086 1.482681 1.680600
0.110055 -0.001442 1.482504 1.848414
0.120060 -0.001866 1.482311 2.016160
0.130065 -0.002365 1.482102 2.183831
0.140070 -0.002944 1.481878 2.351424
0.150075 -0.003607 1.481637 2.518932
0.160080 -0.004360 1.481382 2.686350
0.170085 -0.005207 1.481111 2.853675
0.180090 -0.006154 1.480825 3.020901
0.190095 -0.007204 1.480524 3.188024
0.200100 -0.008361 1.480209 3.355040
0.210105 -0.009629 1.479880 3.521946
0.220110 -0.011012 1.479537 3.688738
0.230115 -0.012513 1.479180 3.855412
0.240120 -0.014136 1.478809 4.021965
0.250125 -0.015883 1.478426 4.188395
0.260130 -0.017756 1.478030 4.354699
0.270135 -0.019759 1.477621 4.520873
0.280140 -0.021894 1.477200 4.686917
0.290145 -0.024162 1.476768 4.852829
0.300150 -0.026565 1.476323 5.018605
0.310155 -0.029106 1.475868 5.184246
0.320160 -0.031785 1.475401 5.349748
0.330165 -0.034603 1.474924 5.515112
0.340170 -0.037562 1.474437 5.680337
0.350175 -0.040662 1.473939 5.845421
0.360180 -0.043904 1.473432 6.010364
0.370185 -0.047288 1.472916 6.175166
0.380190 -0.050815 1.472390 6.339825
0.390195 -0.054485 1.471856 6.504343
0.400200 -0.058297 1.471314 6.668720
0.410205 -0.062252 1.470764 6.832954
0.420210 -0.066349 1.470206 6.997048
0.430215 -0.070587 1.469640 7.161000
0.440220 -0.074967 1.469067 7.324813
0.450225 -0.079488 1.468488 7.488486
0.460230 -0.084148 1.467902 7.652020
0.470235 -0.088947 1.467311 7.815416
0.480240 -0.093885 1.466713 7.978676
0.490245 -0.098958 1.466110 8.141800
0.500250 -0.104168 1.465501 8.304789
0.510255 -0.109512 1.464888 8.467645
0.520260 -0.114989 1.464270 8.630369
0.530265 -0.120598 1.463648 8.792962
0.540270 -0.126338 1.463022 8.955425
0.550275 -0.132206 1.462392 9.117761
0.560280 -0.138202 1.461759 9.279971
0.570285 -0.144324 1.461122 9.442055
0.580290 -0.150571 1.460483 9.604017
0.590295 -0.156940 1.459841 9.765857
0.600300 -0.163430 1.459196 9.927577
0.610305 -0.170040 1.458550 10.089179
0.620310 -0.176768 1.457902 10.250664
0.630315 -0.183611 1.457252 10.412034
0.640320 -0.190569 1.456601 10.573292
0.650325 -0.197640 1.455948 10.734437
0.660330 -0.204822 1.455295 10.895474
0.670335 -0.212113 1.454642 11.056402
0.680340 -0.219511 1.453988 11.217224
0.690345 -0.227015 1.453334 11.377942
0.700350 -0.234623 1.452680 11.538557
0.710355 -0.242333 1.452026 11.699071
0.720360 -0.250143 1.451373 11.859486
0.730365 -0.258053 1.450721 12.019803
0.740370 -0.266059 1.450070 12.180025
0.750375 -0.274161 1.449419 12.340153
0.760380 -0.282356 1.448771 12.500188
0.770385 -0.290643 1.448124 12.660133
0.780390 -0.299021 1.447479 12.819989
0.790395 -0.307487 1.446836 12.979758
0.800400 -0.316040 1.446195 13.139441
0.810405 -0.324678 1.445556 13.299040
0.820410 -0.333400 1.444920 13.458557
0.830415 -0.342204 1.444287 13.617993
0.840420 -0.351089 1.443657 13.777350
0.850425 -0.360053 1.443030 13.936629
0.860430 -0.369094 1.442406 14.095832
0.870435 -0.378211 1.441786 14.254961
0.880440 -0.387402 1.441170 14.414016
0.890445 -0.396667 1.440557 14.573000
0.900450 -0.406002 1.439948 14.731914
0.910455 -0.415408 1.439343 14.890759
0.920460 -0.424883 1.438743 15.049537
0.930465 -0.434424 1.438147 15.208249
0.940470 -0.444031 1.437556 15.366897
0.950475 -0.453703 1.436969 15.525481
0.960480 -0.463438 1.436388 15.684004
0.970485 -0.473234 1.435811 15.842466
0.980490 -0.483091 1.435240 16.000870
0.990495 -0.493007 1.434674 16.159215
1.000500 -0.502981 1.434113 16.317504
1.010505 -0.513011 1.433558 16.475738
1.020510 -0.523097 1.433008 16.633918
1.030515 -0.533236 1.432465 16.792044
1.040520 -0.543429 1.431927 16.950119
1.050525 -0.553673 1.431396 17.108144
1.060530 -0.563968 1.430870 17.266119
1.070535 -0.574313 1.430351 17.424047
1.080540 -0.584705 1.429839 17.581927
1.090545 -0.595145 1.429332 17.739761
1.100550 -0.605631 1.428833 17.897550
1.110555 -0.616162 1.428340 18.055296
1.120560 -0.626737 1.427854 18.212998
1.130565 -0.637354 1.427376 18.370659
1.140570 -0.648014 1.426904 18.528280
1.150575 -0.658714 1.426439 18.685860
1.160580 -0.669454 1.425982 18.843402
1.170585 -0.680233 1.425532 19.000907
1.180590 -0.691050 1.425089 19.158374
1.190595 -0.701903 1.424654 19.315806
1.200600 -0.712793 1.424226 19.473203
1.210605 -0.723717 1.423807 19.630566
1.220610 -0.734676 1.423395 19.787896
1.230615 -0.745667 1.422991 19.945194
1.240620 -0.756691 1.422595 20.102461
1.250625 -0.767746 1.422206 20.259697
1.260630 -0.778832 1.421826 20.416904
1.270635 -0.789947 1.421455 20.574082
1.280640 -0.801091 1.421091 20.731233
1.290645 -0.812263 1.420736 20.888356
1.300650 -0.823461 1.420389 21.045454
1.310655 -0.834686 1.420050 21.202526
1.320660 -0.845937 1.419721 21.359573
1.330665 -0.857212 1.419399 21.516597
1.340670 -0.868511 1.419087 21.673598
1.350675 -0.879832 1.418783 21.830576
1.360680 -0.891176 1.418487 21.987533
1.370685 -0.902542 1.418201 22.144469
1.380690 -0.913928 1.417923 22.301386
1.390695 -0.925334 1.417655 22.458283
1.400700 -0.936759 1.417395 22.615162
1.410705 -0.948203 1.417144 22.772022
1.420710 -0.959664 1.416903 22.928866
1.430715 -0.971142 1.416670 23.085694
1.440720 -0.982637 1.416447 23.242506
1.450725 -0.994147 1.416233 23.399303
1.460730 -1.005672 1.416028 23.556085
1.470735 -1.017211 1.415832 23.712854
1.480740 -1.028763 1.415646 23.869611
1.490745 -1.040328 1.415469 24.026355
1.500750 -1.051905 1.415301 24.183087
1.510755 -1.063494 1.415143 24.339809
1.520760 -1.075093 1.414994 24.496520
1.530765 -1.086701 1.414854 24.653222
1.540770 -1.098320 1.414724 24.809915
1.550775 -1.109946 1.414604 24.966599
1.560780 -1.121581 1.414493 25.123276
1.570785 -1.133223 1.414391 25.279946
1.580790 -1.144872 1.414300 25.436610
1.590795 -1.156526 1.414217 25.593268
1.600800 -1.168186 1.414145 25.749921
1.610805 -1.179850 1.414081 25.906569
1.620810 -1.191519 1.414028 26.063214
1.630815 -1.203190 1.413984 26.219855
1.640820 -1.214865 1.413950 26.376494
1.650825 -1.226541 1.413925 26.533131
1.660830 -1.238219 1.413910 26.689767
1.670835 -1.249897 1.413905 26.846402
1.680840 -1.261575 1.413909 27.003037
1.690845 -1.273253 1.413923 27.159672
1.700850 -1.284930 1.413946 27.316309
1.710855 -1.296604 1.413979 27.472948
1.720860 -1.308276 1.414022 27.629589
1.730865 -1.319945 1.414075 27.786233
1.740870 -1.331610 1.414137 27.942881
1.750875 -1.343270 1.414208 28.099533
1.760880 -1.354925 1.414289 28.256191
1.770885 -1.366575 1.414380 28.412854
1.780890 -1.378217 1.414480 28.569523
1.790895 -1.389853 1.414590 28.726199
1.800900 -1.401481 1.414710 28.882883
1.810905 -1.413100 1.414838 29.039574
1.820910 -1.424710 1.414977 29.196275
1.830915 -1.436310 1.415125 29.352985
1.840920 -1.447900 1.415282 29.509706
1.850925 -1.459478 1.415448 29.666437
1.860930 -1.471045 1.415624 29.823179
1.870935 -1.482599 1.415810 29.979934
1.880940 -1.494139 1.416004 30.136702
1.890945 -1.505666 1.416208 30.293483
1.900950 -1.517178 1.416421 30.450278
1.910955 -1.528674 1.416643 30.607088
1.920960 -1.540154 1.416875 30.763914
1.930965 -1.551618 1.417115 30.920755
1.940970 -1.563063 1.417365 31.077614
1.950975 -1.574491 1.417624 31.234491
1.960980 -1.585899 1.417891 31.391386
1.970985 -1.597288 1.418168 31.548300
1.980990 -1.608656 1.418453 31.705234
1.990995 -1.620002 1.418747 31.862188
2.001001 -1.631327 1.419050 32.019164
2.011006 -1.642628 1.419362 32.176162
2.021011 -1.653906 1.419682 32.333183
2.031016 -1.665159 1.420011 32.490228
2.041021 -1.676388 1.420348 32.647297
2.051026 -1.687589 1.420694 32.804391
2.061031 -1.698764 1.421049 32.961511
2.071036 -1.709912 1.421411 33.118659
2.081041 -1.721030 1.421782 33.275834
2.091046 -1.732119 1.422161 33.433037
2.101051 -1.743178 1.422548 33.590270
2.111056 -1.754206 1.422943 33.747533
2.121061 -1.765201 1.423347 33.904827
2.131066 -1.776164 1.423758 34.062153
2.141071 -1.787092 1.424177 34.219513
2.151076 -1.797986 1.424603 34.376905
2.161081 -1.808843 1.425037 34.534333
2.171086 -1.819665 1.425479 34.691796
2.181091 -1.830448 1.425928 34.849296
2.191096 -1.841193 1.426385 35.006834
2.201101 -1.851898 1.426848 35.164410
2.211106 -1.862562 1.427319 35.322026
2.221111 -1.873185 1.427798 35.479682
2.231116 -1.883765 1.428283 35.637380
2.241121 -1.894301 1.428774 35.795120
2.251126 -1.904792 1.429273 35.952904
2.261131 -1.915237 1.429778 36.110733
2.271136 -1.925636 1.430290 36.268607
2.281141 -1.935986 1.430809 36.426529
2.291146 -1.946287 1.431333 36.584498
2.301151 -1.956537 1.431864 36.742517
2.311156 -1.966736 1.432401 36.900586
2.321161 -1.976882 1.432944 37.058707
2.331166 -1.986974 1.433493 37.216880
2.341171 -1.997011 1.434047 37.375108
2.351176 -2.006991 1.434607 37.533390
2.361181 -2.016914 1.435173 37.691729
2.371186 -2.026778 1.435743 37.850125
2.381191 -2.036582 1.436319 38.008581
2.391196 -2.046324 1.436900 38.167096
2.401201 -2.056003 1.437486 38.325673
2.411206 -2.065618 1.438077 38.484313
2.421211 -2.075167 1.438672 38.643018
2.431216 -2.084650 1.439272 38.801788
2.441221 -2.094064 1.439876 38.960625
2.451226 -2.103408 1.440485 39.119531
2.461231 -2.112681 1.441097 39.278506
2.471236 -2.121881 1.441713 39.437553
2.481241 -2.131007 1.442333 39.596673
2.491246 -2.140057 1.442956 39.755867
2.501251 -2.149030 1.443583 39.915137
2.511256 -2.157924 1.444213 40.074485
2.521261 -2.166738 1.444845 40.233911
2.531266 -2.175469 1.445481 40.393418
2.541271 -2.184118 1.446119 40.553008
2.551276 -2.192681 1.446760 40.712681
2.561281 -2.201157 1.447403 40.872439
2.571286 -2.209545 1.448048 41.032285
2.581291 -2.217843 1.448694 41.192219
2.591296 -2.226050 1.449343 41.352244
2.601301 -2.234162 1.449993 41.512361
2.611306 -2.242180 1.450644 41.672572
2.621311 -2.250101 1.451296 41.832878
2.631316 -2.257923 1.451949 41.993281
2.641321 -2.265645 1.452602 42.153783
2.651326 -2.273266 1.453256 42.314386
2.661331 -2.280782 1.453910 42.475092
2.671336 -2.288193 1.454564 42.635901
2.681341 -2.295496 1.455218 42.796817
2.691346 -2.302691 1.455871 42.957840
2.701351 -2.309775 1.456524 43.118973
2.711356 -2.316746 1.457175 43.280217
2.721361 -2.323603 1.457825 43.441574
2.731366 -2.330345 1.458473 43.603046
2.741371 -2.336969 1.459120 43.764634
2.751376 -2.343473 1.459765 43.926340
2.761381 -2.349857 1.460407 44.088165
2.771386 -2.356118 1.461047 44.250112
2.781391 -2.362254 1.461684 44.412182
2.791396 -2.368265 1.462317 44.574377
2.801401 -2.374149 1.462948 44.736698
2.811406 -2.379904 1.463574 44.899147
2.821411 -2.385529 1.464197 45.061724
2.831416 -2.391021 1.464815 45.224432
2.841421 -2.396381 1.465429 45.387273
2.851426 -2.401607 1.466038 45.550246
2.861431 -2.406697 1.466642 45.713354
2.871436 -2.411650 1.467240 45.876597
2.881441 -2.416466 1.467833 46.039977
2.891446 -2.421142 1.468419 46.203495
2.901451 -2.425679 1.468999 46.367152
2.911456 -2.430076 1.469573 46.530948
2.921461 -2.434332 1.470139 46.694884
2.931466 -2.438445 1.470698 46.858961
2.941471 -2.442417 1.471249 47.023179
2.951476 -2.446246 1.471793 47.187538
2.961481 -2.449933 1.472328 47.352039
2.971486 -2.453476 1.472854 47.516682
2.981491 -2.456878 1.473372 47.681467
2.991496 -2.460136 1.473880 47.846394
3.001501 -2.463253 1.474378 48.011461
3.011506 -2.466228 1.474867 48.176669
3.021511 -2.469063 1.475345 48.342017
3.031516 -2.471758 1.475813 48.507503
3.041521 -2.474315 1.476270 48.673127
3.051526 -2.476735 1.476716 48.838888
3.061531 -2.479019 1.477150 49.004783
3.071536 -2.481169 1.477572 49.170812
3.081541 -2.483188 1.477982 49.336971
3.091546 -2.485076 1.478380 49.503260
3.101551 -2.486838 1.478765 49.669675
3.111556 -2.488475 1.479137 49.836214
3.121561 -2.489990 1.479495 50.002873
3.131566 -2.491387 1.479840 50.169651
3.141571 -2.492669 1.480171 50.336544
3.151576 -2.493839 1.480488 50.503547
3.161581 -2.494901 1.480790 50.670658
3.171586 -2.495860 1.481078 50.837872
3.181591 -2.496719 1.481350 51.005185
3.191596 -2.497483 1.481608 51.172593
3.201601 -2.498156 1.481850 51.340091
3.211606 -2.498744 1.482076 51.507673
3.221611 -2.499252 1.482287 51.675336
3.231616 -2.499685 1.482482 51.843073
3.241621 -2.500049 1.482661 52.010879
3.251626 -2.500348 1.482823 52.178749
3.261631 -2.500590 1.482969 52.346677
3.271636 -2.500779 1.483098 52.514657
3.281641 -2.500923 1.483210 52.682682
3.291646 -2.501027 1.483306 52.850747
3.301651 -2.501097 1.483385 53.018845
3.311656 -2.501140 1.483447 53.186970
3.321661 -2.501163 1.483491 53.355115
3.331666 -2.501172 1.483519 53.523274
3.341671 -2.501174 1.483530 53.691441
3.351676 -2.501174 1.483523 53.859608
3.361681 -2.501181 1.483500 54.027770
3.371686 -2.501200 1.483459 54.195919
3.381691 -2.501238 1.483401 54.364049
3.391696 -2.501301 1.483326 54.532154
3.401701 -2.501397 1.483235 54.700228
3.411706 -2.501530 1.483126 54.868263
3.421711 -2.501708 1.483001 55.036254
3.431716 -2.501937 1.482859 55.204194
3.441721 -2.502222 1.482700 55.372078
3.451726 -2.502570 1.482526 55.539900
3.461731 -2.502986 1.482335 55.707654
3.471736 -2.503476 1.482128 55.875335
3.481741 -2.504044 1.481905 56.042937
3.491746 -2.504697 1.481666 56.210455
3.501751 -2.505440 1.481413 56.377884
3.511756 -2.506276 1.481143 56.545220
3.521761 -2.507210 1.480859 56.712458
3.531766 -2.508248 1.480560 56.879594
3.541771 -2.509392 1.480247 57.046623
3.551776 -2.510647 1.479919 57.213542
3.561781 -2.512016 1.479578 57.380347
3.571786 -2.513503 1.479223 57.547036
3.581791 -2.515111 1.478854 57.713603
3.591796 -2.516843 1.478472 57.880048
3.601801 -2.518702 1.478077 58.046366
3.611806 -2.520689 1.477670 58.212557
3.621811 -2.522808 1.477251 58.378616
3.631816 -2.525061 1.476819 58.544543
3.641821 -2.527448 1.476376 58.710336
3.651826 -2.529972 1.475922 58.875992
3.661831 -2.532635 1.475457 59.041511
3.671836 -2.535436 1.474981 59.206892
3.681841 -2.538378 1.474495 59.372133
3.691846 -2.541462 1.473999 59.537234
3.701851 -2.544687 1.473493 59.702193
3.711856 -2.548054 1.472977 59.867012
3.721861 -2.551564 1.472453 60.031688
3.731866 -2.555217 1.471920 60.196223
3.741871 -2.559013 1.471379 60.360616
3.751876 -2.562951 1.470829 60.524867
3.761881 -2.567031 1.470272 60.688977
3.771886 -2.571253 1.469707 60.852947
3.781891 -2.575616 1.469135 61.016776
3.791896 -2.580120 1.468557 61.180465
3.801901 -2.584764 1.467972 61.344016
3.811906 -2.589547 1.467381 61.507428
3.821911 -2.594468 1.466784 61.670704
3.831916 -2.599525 1.466181 61.833844
3.841921 -2.604719 1.465574 61.996849
3.851926 -2.610047 1.464961 62.159720
3.861931 -2.615509 1.464344 62.322460
3.871936 -2.621102 1.463722 62.485068
3.881941 -2.626827 1.463096 62.647547
3.891946 -2.632680 1.462467 62.809898
3.901951 -2.638661 1.461834 62.972122
3.911956 -2.644768 1.461198 63.134222
3.921961 -2.651000 1.460559 63.296198
3.931966 -2.657355 1.459917 63.458052
3.941971 -2.663831 1.459273 63.619786
3.951976 -2.670427 1.458626 63.781402
3.961981 -2.677140 1.457978 63.942900
3.971986 -2.683970 1.457329 64.104284
3.981991 -2.690915 1.456678 64.265555
3.991996 -2.697973 1.456025 64.426714
4.002001 -2.705141 1.455373 64.587763
4.012006 -2.712419 1.454719 64.748704
4.022011 -2.719805 1.454065 64.909538
4.032016 -2.727296 1.453411 65.070268
4.042021 -2.734892 1.452757 65.230895
4.052026 -2.742590 1.452103 65.391421
4.062031 -2.750389 1.451450 65.551848
4.072036 -2.758287 1.450798 65.712177
4.082041 -2.766282 1.450146 65.872410
4.092046 -2.774372 1.449496 66.032549
4.102051 -2.782557 1.448847 66.192595
4.112056 -2.790833 1.448200 66.352550
4.122061 -2.799200 1.447555 66.512417
4.132066 -2.807656 1.446911 66.672196
4.142071 -2.816198 1.446270 66.831889
4.152076 -2.824827 1.445632 66.991498
4.162081 -2.833539 1.444995 67.151024
4.172086 -2.842334 1.444362 67.310470
4.182091 -2.851209 1.443731 67.469836
4.192096 -2.860163 1.443104 67.629124
4.202101 -2.869195 1.442480 67.788336
4.212106 -2.878304 1.441859 67.947473
4.222111 -2.887486 1.441242 68.106537
4.232116 -2.896742 1.440629 68.265530
4.242121 -2.906070 1.440020 68.424452
4.252126 -2.915467 1.439415 68.583305
4.262131 -2.924933 1.438814 68.742091
4.272136 -2.934467 1.438217 68.900810
4.282141 -2.944067 1.437626 69.059466
4.292146 -2.953731 1.437038 69.218057
4.302151 -2.963458 1.436456 69.376588
4.312156 -2.973247 1.435879 69.535057
4.322161 -2.983097 1.435307 69.693467
4.332166 -2.993006 1.434740 69.851820
4.342171 -3.002973 1.434179 70.010115
4.352176 -3.012997 1.433623 70.168355
4.362181 -3.023076 1.433073 70.326541
4.372186 -3.033209 1.432529 70.484674
4.382191 -3.043396 1.431990 70.642755
4.392196 -3.053634 1.431458 70.800786
4.402201 -3.063923 1.430932 70.958767
4.412206 -3.074262 1.430412 71.116700
4.422211 -3.084649 1.429899 71.274585
4.432216 -3.095083 1.429392 71.432425
4.442221 -3.105564 1.428892 71.590219
4.452226 -3.116089 1.428398 71.747970
4.462231 -3.126659 1.427911 71.905678
4.472236 -3.137272 1.427432 72.063344
4.482241 -3.147926 1.426959 72.220969
4.492246 -3.158622 1.426494 72.378554
4.502251 -3.169357 1.426035 72.536101
4.512256 -3.180131 1.425584 72.693609
4.522261 -3.190944 1.425141 72.851081
4.532266 -3.201793 1.424705 73.008517
4.542271 -3.212678 1.424277 73.165918
4.552276 -3.223598 1.423856 73.323285
4.562281 -3.234553 1.423443 73.480619
4.572286 -3.245541 1.423038 73.637921
4.582291 -3.256561 1.422641 73.795191
4.592296 -3.267612 1.422252 73.952431
4.602301 -3.278694 1.421871 74.109642
4.612306 -3.289806 1.421498 74.266823
4.622311 -3.300946 1.421134 74.423977
4.632316 -3.312115 1.420777 74.581104
4.642321 -3.323311 1.420429 74.738204
4.652326 -3.334532 1.420090 74.895279
4.662331 -3.345780 1.419759 75.052329
4.672336 -3.357052 1.419437 75.209356
4.682341 -3.368348 1.419123 75.366359
4.692346 -3.379667 1.418818 75.523340
4.702351 -3.391009 1.418522 75.680300
4.712356 -3.402372 1.418234 75.837238
4.722361 -3.413755 1.417956 75.994157
4.732366 -3.425159 1.417686 76.151056
4.742371 -3.436582 1.417425 76.307937
4.752376 -3.448024 1.417174 76.464800
4.762381 -3.459483 1.416931 76.621646
4.772386 -3.470959 1.416697 76.778475
4.782391 -3.482452 1.416473 76.935289
4.792396 -3.493960 1.416258 77.092088
4.802401 -3.505483 1.416052 77.248872
4.812406 -3.517021 1.415855 77.405643
4.822411 -3.528571 1.415667 77.562400
4.832416 -3.540135 1.415489 77.719146
4.842421 -3.551711 1.415320 77.875880
4.852426 -3.563298 1.415161 78.032602
4.862431 -3.574895 1.415011 78.189315
4.872436 -3.586503 1.414870 78.346018
4.882441 -3.598120 1.414739 78.502712
4.892446 -3.609746 1.414618 78.659397
4.902451 -3.621380 1.414506 78.816075
4.912456 -3.633021 1.414403 78.972746
4.922461 -3.644669 1.414310 79.129410
4.932466 -3.656323 1.414226 79.286069
4.942471 -3.667982 1.414153 79.442722
4.952476 -3.679646 1.414088 79.599371
4.962481 -3.691314 1.414034 79.756016
4.972486 -3.702985 1.413989 79.912658
4.982491 -3.714659 1.413953 80.069297
4.992496 -3.726335 1.413927 80.225934
5.002501 -3.738013 1.413911 80.382570
5.012506 -3.749691 1.413905 80.539205
5.022511 -3.761369 1.413908 80.695840
5.032516 -3.773047 1.413921 80.852476
5.042521 -3.784724 1.413943 81.009112
5.052526 -3.796399 1.413975 81.165751
5.062531 -3.808071 1.414017 81.322391
5.072536 -3.819740 1.414068 81.479035
5.082541 -3.831406 1.414129 81.635683
5.092546 -3.843066 1.414199 81.792335
5.102551 -3.854722 1.414279 81.948991
5.112556 -3.866372 1.414369 82.105653
5.122561 -3.878016 1.414468 82.262322
5.132566 -3.889652 1.414577 82.418997
5.142571 -3.901281 1.414695 82.575680
5.152576 -3.912901 1.414823 82.732371
5.162581 -3.924513 1.414960 82.889070
5.172586 -3.936114 1.415107 83.045779
5.182591 -3.947705 1.415263 83.202498
5.192596 -3.959285 1.415428 83.359228
5.202601 -3.970853 1.415603 83.515969
5.212606 -3.982408 1.415787 83.672723
5.222611 -3.993950 1.415981 83.829489
5.232616 -4.005478 1.416184 83.986268
5.242621 -4.016992 1.416396 84.143062
5.252626 -4.028490 1.416617 84.299870
5.262631 -4.039972 1.416847 84.456694
5.272636 -4.051438 1.417087 84.613534
5.282641 -4.062886 1.417335 84.770390
5.292646 -4.074315 1.417593 84.927265
5.302651 -4.085726 1.417859 85.084158
5.312656 -4.097117 1.418135 85.241069
5.322661 -4.108487 1.418419 85.398001
5.332666 -4.119837 1.418712 85.554953
5.342671 -4.131164 1.419014 85.711926
5.352676 -4.142468 1.419325 85.868922
5.362681 -4.153749 1.419644 86.025940
5.372686 -4.165005 1.419972 86.182982
5.382691 -4.176236 1.420308 86.340048
5.392696 -4.187441 1.420653 86.497139
5.402701 -4.198619 1.421006 86.654256
5.412706 -4.209770 1.421368 86.811400
5.422711 -4.220892 1.421738 86.968572
5.432716 -4.231985 1.422116 87.125772
5.442721 -4.243047 1.422502 87.283001
5.452726 -4.254078 1.422896 87.440261
5.462731 -4.265077 1.423299 87.597551
5.472736 -4.276044 1.423709 87.754874
5.482741 -4.286976 1.424127 87.912229
5.492746 -4.297874 1.424552 88.069618
5.502751 -4.308736 1.424986 88.227041
5.512756 -4.319562 1.425426 88.384500
5.522761 -4.330350 1.425875 88.541996
5.532766 -4.341099 1.426330 88.699529
5.542771 -4.351809 1.426793 88.857100
5.552776 -4.362478 1.427263 89.014711
5.562781 -4.373106 1.427741 89.172362
5.572786 -4.383691 1.428225 89.330055
5.582791 -4.394232 1.428716 89.487791
5.592796 -4.404728 1.429214 89.645569
5.602801 -4.415179 1.429718 89.803393
5.612806 -4.425583 1.430229 89.961262
5.622811 -4.435939 1.430747 90.119178
5.632816 -4.446246 1.431271 90.277142
5.642821 -4.456502 1.431801 90.435155
5.652826 -4.466707 1.432337 90.593218
5.662831 -4.476860 1.432879 90.751332
5.672836 -4.486958 1.433427 90.909499
5.682841 -4.497002 1.433981 91.067720
5.692846 -4.506989 1.434541 91.225996
5.702851 -4.516919 1.435105 91.384328
5.712856 -4.526790 1.435676 91.542717
5.722861 -4.536600 1.436251 91.701166
5.732866 -4.546350 1.436832 91.859674
5.742871 -4.556036 1.437417 92.018244
5.752876 -4.565659 1.438007 92.176877
5.762881 -4.575216 1.438602 92.335573
5.772886 -4.584707 1.439201 92.494336
5.782891 -4.594129 1.439805 92.653165
5.792896 -4.603481 1.440413 92.812062
5.802901 -4.612762 1.441024 92.971029
5.812906 -4.621971 1.441640 93.130068
5.822911 -4.631106 1.442259 93.289179
5.832916 -4.640165 1.442882 93.448364
5.842921 -4.649147 1.443509 93.607625
5.852926 -4.658051 1.444138 93.766964
5.862931 -4.666874 1.444770 93.926381
5.872936 -4.675616 1.445406 94.085878
5.882941 -4.684274 1.446044 94.245458
5.892946 -4.692847 1.446684 94.405121
5.902951 -4.701334 1.447327 94.564869
5.912956 -4.709733 1.447971 94.724705
5.922961 -4.718041 1.448618 94.884628
5.932966 -4.726259 1.449266 95.044642
5.942971 -4.734383 1.449916 95.204748
5.952976 -4.742412 1.450567 95.364948
5.962981 -4.750344 1.451219 95.525242
5.972986 -4.758178 1.451872 95.685634
5.982991 -4.765912 1.452525 95.846125
5.992996 -4.773544 1.453179 96.006716
6.003002 -4.781073 1.453833 96.167409
6.013007 -4.788496 1.454487 96.328206
6.023012 -4.795813 1.455141 96.489109
6.033017 -4.803020 1.455794 96.650120
6.043022 -4.810117 1.456447 96.811240
6.053027 -4.817102 1.457098 96.972470
6.063032 -4.823973 1.457748 97.133814
6.073037 -4.830728 1.458397 97.295272
6.083042 -4.837366 1.459044 97.456846
6.093047 -4.843885 1.459689 97.618538
6.103052 -4.850283 1.460331 97.780349
6.113057 -4.856558 1.460971 97.942282
6.123062 -4.862710 1.461609 98.104337
6.133067 -4.868736 1.462243 98.266517
6.143072 -4.874634 1.462874 98.428823
6.153077 -4.880404 1.463501 98.591256
6.163082 -4.886045 1.464124 98.753819
6.173087 -4.891553 1.464743 98.916512
6.183092 -4.896929 1.465357 99.079336
6.193097 -4.902170 1.465967 99.242294
6.203102 -4.907276 1.466571 99.405385
6.213107 -4.912246 1.467170 99.568613
6.223112 -4.917077 1.467763 99.731977
6.233117 -4.921771 1.468350 99.895478
6.243122 -4.926324 1.468931 100.059119
6.253127 -4.930738 1.469505 100.222898
6.263132 -4.935010 1.470073 100.386817
6.273137 -4.939140 1.470632 100.550878
6.283142 -4.943129 1.471185 100.715079
6.293147 -4.946975 1.471729 100.879422
6.303152 -4.950678 1.472265 101.043906
6.313157 -4.954239 1.472793 101.208532
6.323162 -4.957657 1.473311 101.373301
6.333167 -4.960932 1.473820 101.538210
6.343172 -4.964066 1.474320 101.703261
6.353177 -4.967058 1.474810 101.868452
6.363182 -4.969909 1.475289 102.033783
6.373187 -4.972621 1.475758 102.199254
6.383192 -4.975194 1.476217 102.364862
6.393197 -4.977630 1.476664 102.530606
6.403202 -4.979930 1.477099 102.696486
6.413207 -4.982096 1.477523 102.862498
6.423212 -4.984129 1.477934 103.028643
6.433217 -4.986033 1.478334 103.194916
6.443222 -4.987810 1.478720 103.361316
6.453227 -4.989462 1.479093 103.527841
6.463232 -4.990991 1.479453 103.694486
6.473237 -4.992402 1.479800 103.861250
6.483242 -4.993697 1.480133 104.028130
6.493247 -4.994880 1.480451 104.195120
6.503252 -4.995955 1.480755 104.362219
6.513257 -4.996925 1.481044 104.529421
6.523262 -4.997796 1.481319 104.696722
6.533267 -4.998571 1.481578 104.864119
6.543272 -4.999255 1.481822 105.031606
6.553277 -4.999853 1.482051 105.199179
6.563282 -5.000370 1.482263 105.366833
6.573287 -5.000812 1.482460 105.534561
6.583292 -5.001183 1.482640 105.702360
6.593297 -5.001490 1.482805 105.870222
6.603302 -5.001738 1.482952 106.038144
6.613307 -5.001933 1.483084 106.206117
6.623312 -5.002082 1.483198 106.374137
6.633317 -5.002190 1.483296 106.542198
6.643322 -5.002264 1.483376 106.710292
6.653327 -5.002310 1.483440 106.878415
6.663332 -5.002335 1.483487 107.046558
6.673337 -5.002345 1.483517 107.214716
6.683342 -5.002347 1.483529 107.382882
6.693347 -5.002348 1.483525 107.551049
6.703352 -5.002353 1.483503 107.719212
6.713357 -5.002370 1.483465 107.887363
6.723362 -5.002406 1.483409 108.055496
6.733367 -5.002466 1.483336 108.223604
6.743372 -5.002557 1.483246 108.391682
6.753377 -5.002686 1.483140 108.559722
6.763382 -5.002858 1.483016 108.727718
6.773387 -5.003081 1.482876 108.895665
6.783392 -5.003359 1.482720 109.063556
6.793397 -5.003699 1.482547 109.231386
6.803402 -5.004107 1.482358 109.399148
6.813407 -5.004587 1.482153 109.566837
6.823412 -5.005147 1.481932 109.734449
6.833417 -5.005789 1.481695 109.901977
6.843422 -5.006521 1.481443 110.069417
6.853427 -5.007346 1.481176 110.236765
6.863432 -5.008268 1.480894 110.404014
6.873437 -5.009293 1.480596 110.571162
6.883442 -5.010425 1.480285 110.738204
6.893447 -5.011666 1.479959 110.905137
6.903452 -5.013022 1.479619 111.071955
6.913457 -5.014495 1.479265 111.238657
6.923462 -5.016089 1.478898 111.405240
6.933467 -5.017806 1.478518 111.571699
6.943472 -5.019649 1.478125 111.738032
6.953477 -5.021621 1.477719 111.904238
6.963482 -5.023725 1.477301 112.070313
6.973487 -5.025961 1.476871 112.236256
6.983492 -5.028332 1.476429 112.402064
6.993497 -5.030840 1.475976 112.567737
7.003502 -5.033486 1.475512 112.733272
7.013507 -5.036272 1.475038 112.898669
7.023512 -5.039197 1.474553 113.063927
7.033517 -5.042264 1.474058 113.229044
7.043522 -5.045472 1.473553 113.394021
7.053527 -5.048823 1.473039 113.558856
7.063532 -5.052316 1.472515 113.723549
7.073537 -5.055952 1.471983 113.888100
7.083542 -5.059730 1.471443 114.052510
7.093547 -5.063652 1.470894 114.216778
7.103552 -5.067715 1.470338 114.380905
7.113557 -5.071920 1.469774 114.544891
7.123562 -5.076267 1.469203 114.708737
7.133567 -5.080755 1.468626 114.872442
7.143572 -5.085382 1.468041 115.036009
7.153577 -5.090148 1.467451 115.199438
7.163582 -5.095053 1.466855 115.362730
7.173587 -5.100094 1.466253 115.525886
7.183592 -5.105272 1.465646 115.688907
7.193597 -5.110584 1.465034 115.851794
7.203602 -5.116030 1.464417 116.014549
7.213607 -5.121608 1.463796 116.177172
7.223612 -5.127317 1.463170 116.339667
7.233617 -5.133155 1.462541 116.502033
7.243622 -5.139122 1.461909 116.664272
7.253627 -5.145214 1.461273 116.826386
7.263632 -5.151431 1.460634 116.988376
7.273637 -5.157771 1.459993 117.150245
7.283642 -5.164233 1.459349 117.311993
7.293647 -5.170815 1.458703 117.473623
7.303652 -5.177515 1.458055 117.635135
7.313657 -5.184331 1.457405 117.796533
7.323662 -5.191262 1.456755 117.957816
7.333667 -5.198307 1.456103 118.118988
7.343672 -5.205462 1.455450 118.280050
7.353677 -5.212727 1.454796 118.441004
7.363682 -5.220100 1.454142 118.601851
7.373687 -5.227579 1.453488 118.762593
7.383692 -5.235163 1.452834 118.923232
7.393697 -5.242849 1.452180 119.083770
7.403702 -5.250636 1.451527 119.244208
7.413707 -5.258522 1.450875 119.404549
7.423712 -5.266506 1.450223 119.564793
7.433717 -5.274585 1.449573 119.724943
7.443722 -5.282758 1.448924 119.885000
7.453727 -5.291024 1.448277 120.044966
7.463732 -5.299380 1.447631 120.204843
7.473737 -5.307826 1.446987 120.364632
7.483742 -5.316358 1.446346 120.524335
7.493747 -5.324977 1.445707 120.683954
7.503752 -5.333679 1.445070 120.843490
7.513757 -5.342464 1.444437 121.002945
7.523762 -5.351330 1.443806 121.162321
7.533767 -5.360275 1.443178 121.321618
7.543772 -5.369298 1.442553 121.480839
7.553777 -5.378397 1.441932 121.639985
7.563782 -5.387571 1.441315 121.799058
7.573787 -5.396818 1.440701 121.958058
7.583792 -5.406138 1.440092 122.116988
7.593797 -5.415527 1.439486 122.275850
7.603802 -5.424985 1.438885 122.434643
7.613807 -5.434511 1.438288 122.593371
7.623812 -5.444103 1.437695 122.752034
7.633817 -5.453759 1.437108 122.910633
7.643822 -5.463479 1.436525 123.069170
7.653827 -5.473261 1.435947 123.227647
7.663832 -5.483104 1.435374 123.386064
7.673837 -5.493006 1.434807 123.544423
7.683842 -5.502966 1.434245 123.702725
7.693847 -5.512983 1.433688 123.860972
7.703852 -5.523056 1.433138 124.019164
7.713857 -5.533183 1.432593 124.177303
7.723862 -5.543363 1.432054 124.335391
7.733867 -5.553596 1.431521 124.493427
7.743872 -5.563879 1.430994 124.651414
7.753877 -5.574211 1.430473 124.809352
7.763882 -5.584593 1.429959 124.967244
7.773887 -5.595022 1.429451 125.125088
7.783892 -5.605497 1.428950 125.282888
7.793897 -5.616017 1.428456 125.440644
7.803902 -5.626582 1.427969 125.598357
7.813907 -5.637189 1.427488 125.756028
7.823912 -5.647839 1.427015 125.913657
7.833917 -5.658530 1.426548 126.071247
7.843922 -5.669260 1.426089 126.228798
7.853927 -5.680030 1.425637 126.386312
7.863932 -5.690838 1.425193 126.543788
7.873937 -5.701683 1.424756 126.701228
7.883942 -5.712564 1.424327 126.858633
7.893947 -5.723480 1.423905 127.016004
7.903952 -5.734431 1.423491 127.173342
7.913957 -5.745414 1.423085 127.330647
7.923962 -5.756431 1.422687 127.487921
7.933967 -5.767479 1.422297 127.645165
7.943972 -5.778557 1.421915 127.802379
7.953977 -5.789665 1.421542 127.959564
7.963982 -5.800802 1.421176 128.116720
7.973987 -5.811968 1.420819 128.273850
7.983992 -5.823160 1.420470 128.430954
7.993997 -5.834379 1.420130 128.588032
8.004002 -5.845623 1.419798 128.745085
8.014007 -5.856893 1.419474 128.902114
8.024012 -5.868186 1.419160 129.059120
8.034017 -5.879502 1.418854 129.216104
8.044022 -5.890841 1.418556 129.373066
8.054027 -5.902202 1.418268 129.530007
8.064032 -5.913583 1.417988 129.686928
8.074037 -5.924984 1.417717 129.843830
8.084042 -5.936405 1.417456 130.000713
8.094047 -5.947845 1.417203 130.157578
8.104052 -5.959302 1.416959 130.314425
8.114057 -5.970776 1.416724 130.471257
8.124062 -5.982267 1.416499 130.628072
8.134067 -5.993773 1.416283 130.784873
8.144072 -6.005295 1.416075 130.941659
8.154077 -6.016830 1.415878 131.098431
8.164082 -6.028380 1.415689 131.255190
8.174087 -6.039942 1.415510 131.411937
8.184092 -6.051516 1.415340 131.568672
8.194097 -6.063102 1.415179 131.725396
8.204102 -6.074698 1.415028 131.882110
8.214107 -6.086305 1.414886 132.038814
8.224112 -6.097921 1.414754 132.195509
8.234117 -6.109546 1.414631 132.352195
8.244122 -6.121179 1.414518 132.508874
8.254127 -6.132819 1.414415 132.665545
8.264132 -6.144466 1.414320 132.822210
8.274137 -6.156119 1.414236 132.978870
8.284142 -6.167778 1.414161 133.135524
8.294147 -6.179441 1.414095 133.292173
8.304152 -6.191109 1.414040 133.448819
8.314157 -6.202780 1.413993 133.605461
8.324162 -6.214453 1.413957 133.762100
8.334167 -6.226129 1.413930 133.918738
8.344172 -6.237807 1.413913 134.075374
8.354177 -6.249485 1.413905 134.232009
8.364182 -6.261163 1.413907 134.388644
8.374187 -6.272841 1.413919 134.545279
8.384192 -6.284518 1.413940 134.701915
8.394197 -6.296193 1.413971 134.858554
8.404202 -6.307866 1.414011 135.015194
8.414207 -6.319535 1.414061 135.171838
8.424212 -6.331201 1.414121 135.328485
8.434217 -6.342863 1.414190 135.485136
8.444222 -6.354519 1.414269 135.641792
8.454227 -6.366170 1.414358 135.798453
8.464232 -6.377814 1.414456 135.955121
8.474237 -6.389452 1.414563 136.111795
8.484242 -6.401081 1.414681 136.268477
8.494247 -6.412703 1.414807 136.425167
8.504252 -6.424315 1.414943 136.581866
8.514257 -6.435918 1.415089 136.738573
8.524262 -6.447510 1.415244 136.895291
8.534267 -6.459091 1.415408 137.052020
8.544272 -6.470660 1.415582 137.208760
8.554277 -6.482217 1.415765 137.365511
8.564282 -6.493761 1.415957 137.522276
8.574287 -6.505291 1.416159 137.679054
8.584292 -6.516806 1.416370 137.835846
8.594297 -6.528306 1.416590 137.992652
8.604302 -6.539790 1.416819 138.149474
8.614307 -6.551258 1.417058 138.306312
8.624312 -6.562708 1.417305 138.463167
8.634317 -6.574140 1.417562 138.620039
8.644322 -6.585553 1.417827 138.776930
8.654327 -6.596946 1.418102 138.933839
8.664332 -6.608319 1.418385 139.090768
8.674337 -6.619671 1.418677 139.247718
8.684342 -6.631000 1.418978 139.404689
8.694347 -6.642307 1.419287 139.561681
8.704352 -6.653591 1.419606 139.718697
8.714357 -6.664850 1.419933 139.875736
8.724362 -6.676084 1.420268 140.032799
8.734367 -6.687292 1.420612 140.189887
8.744372 -6.698474 1.420964 140.347001
8.754377 -6.709628 1.421325 140.504142
8.764382 -6.720753 1.421694 140.661310
8.774387 -6.731849 1.422071 140.818507
8.784392 -6.742915 1.422456 140.975733
8.794397 -6.753950 1.422849 141.132989
8.804402 -6.764953 1.423251 141.290275
8.814407 -6.775924 1.423660 141.447594
8.824412 -6.786860 1.424077 141.604945
8.834417 -6.797762 1.424502 141.762330
8.844422 -6.808629 1.424934 141.919750
8.854427 -6.819458 1.425374 142.077204
8.864432 -6.830251 1.425821 142.234696
8.874437 -6.841005 1.426276 142.392224
8.884442 -6.851719 1.426738 142.549791
8.894447 -6.862393 1.427208 142.707397
8.904452 -6.873026 1.427684 142.865044
8.914457 -6.883616 1.428167 143.022732
8.924462 -6.894162 1.428658 143.180462
8.934467 -6.904664 1.429155 143.338235
8.944472 -6.915121 1.429658 143.496053
8.954477 -6.925530 1.430169 143.653917
8.964482 -6.935892 1.430686 143.811828
8.974487 -6.946204 1.431209 143.969786
8.984492 -6.956467 1.431738 144.127793
8.994497 -6.966678 1.432274 144.285850
9.004502 -6.976837 1.432815 144.443958
9.014507 -6.986942 1.433362 144.602119
9.024512 -6.996992 1.433916 144.760333
9.034517 -7.006986 1.434474 144.918603
9.044522 -7.016922 1.435038 145.076928
9.054527 -7.026800 1.435608 145.235311
9.064532 -7.036618 1.436183 145.393752
9.074537 -7.046375 1.436763 145.552253
9.084542 -7.056069 1.437348 145.710816
9.094547 -7.065699 1.437937 145.869441
9.104552 -7.075264 1.438531 146.028130
9.114557 -7.084762 1.439130 146.186884
9.124562 -7.094193 1.439733 146.345705
9.134567 -7.103553 1.440341 146.504595
9.144572 -7.112843 1.440952 146.663554
9.154577 -7.122061 1.441567 146.822584
9.164582 -7.131204 1.442186 146.981686
9.174587 -7.140272 1.442809 147.140863
9.184592 -7.149264 1.443434 147.300115
9.194597 -7.158177 1.444064 147.459444
9.204602 -7.167010 1.444696 147.618851
9.214607 -7.175761 1.445331 147.778339
9.224612 -7.184429 1.445968 147.937909
9.234617 -7.193013 1.446608 148.097562
9.244622 -7.201510 1.447251 148.257301
9.254627 -7.209919 1.447895 148.417125
9.264632 -7.218238 1.448541 148.577039
9.274637 -7.226466 1.449189 148.737042
9.284642 -7.234601 1.449839 148.897137
9.294647 -7.242642 1.450490 149.057325
9.304652 -7.250586 1.451142 149.217608
9.314657 -7.258431 1.451795 149.377989
9.324662 -7.266177 1.452448 149.538467
9.334667 -7.273822 1.453102 149.699046
9.344672 -7.281363 1.453756 149.859728
9.354677 -7.288798 1.454410 150.020512
9.364682 -7.296128 1.455064 150.181403
9.374687 -7.303348 1.455717 150.342401
9.384692 -7.310458 1.456370 150.503507
9.394697 -7.317456 1.457021 150.664725
9.404702 -7.324341 1.457672 150.826055
9.414707 -7.331110 1.458320 150.987499
9.424712 -7.337762 1.458968 151.149060
9.434717 -7.344294 1.459613 151.310738
9.444722 -7.350707 1.460256 151.472535
9.454727 -7.356997 1.460896 151.634453
9.464732 -7.363163 1.461534 151.796494
9.474737 -7.369204 1.462168 151.958659
9.484742 -7.375118 1.462799 152.120950
9.494747 -7.380903 1.463427 152.283368
9.504752 -7.386559 1.464050 152.445915
9.514757 -7.392083 1.464670 152.608592
9.524762 -7.397474 1.465285 152.771401
9.534767 -7.402732 1.465895 152.934343
9.544772 -7.407854 1.466500 153.097419
9.554777 -7.412839 1.467099 153.260630
9.564782 -7.417687 1.467693 153.423978
9.574787 -7.422397 1.468281 153.587463
9.584792 -7.426967 1.468863 153.751087
9.594797 -7.431397 1.469438 153.914850
9.604802 -7.435686 1.470006 154.078753
9.614807 -7.439833 1.470567 154.242796
9.624812 -7.443839 1.471120 154.406981
9.634817 -7.447702 1.471665 154.571307
9.644822 -7.451422 1.472202 154.735775
9.654827 -7.454999 1.472731 154.900384
9.664832 -7.458434 1.473250 155.065136
9.674837 -7.461726 1.473761 155.230029
9.684842 -7.464877 1.474262 155.395063
9.694847 -7.467885 1.474753 155.560238
9.704852 -7.470753 1.475233 155.725552
9.714857 -7.473481 1.475704 155.891006
9.724862 -7.476071 1.476163 156.056598
9.734867 -7.478523 1.476611 156.222326
9.744872 -7.480839 1.477048 156.388190
9.754877 -7.483020 1.477473 156.554187
9.764882 -7.485070 1.477886 156.720316
9.774887 -7.486989 1.478287 156.886574
9.784892 -7.488780 1.478675 157.052959
9.794897 -7.490446 1.479050 157.219469
9.804902 -7.491990 1.479412 157.386101
9.814907 -7.493415 1.479760 157.552851
9.824912 -7.494724 1.480094 157.719717
9.834917 -7.495920 1.480414 157.886695
9.844922 -7.497007 1.480720 158.053780
9.854927 -7.497990 1.481011 158.220970
9.864932 -7.498872 1.481287 158.388261
9.874937 -7.499658 1.481548 158.555646
9.884942 -7.500352 1.481794 158.723123
9.894947 -7.500960 1.482024 158.890686
9.904952 -7.501487 1.482239 159.058330
9.914957 -7.501937 1.482437 159.226050
9.924962 -7.502316 1.482620 159.393841
9.934967 -7.502630 1.482786 159.561696
9.944972 -7.502885 1.482936 159.729611
9.954977 -7.503086 1.483069 159.897579
9.964982 -7.503240 1.483185 160.065594
9.974987 -7.503353 1.483285 160.233650
9.984992 -7.503430 1.483368 160.401741
9.994997 -7.503479 1.483434 160.569860
10.005003 -7.503507 1.483482 160.738001
10.015008 -7.503518 1.483514 160.906157
10.025013 -7.503521 1.483529 161.074323
10.035018 -7.503521 1.483526 161.242491
10.045023 -7.503526 1.483507 161.410654
10.055028 -7.503541 1.483470 161.578807
10.065033 -7.503574 1.483416 161.746942
10.075038 -7.503631 1.483345 161.915054
10.085043 -7.503718 1.483258 162.083135
10.095048 -7.503842 1.483153 162.251180
10.105053 -7.504009 1.483032 162.419182
10.115058 -7.504225 1.482894 162.587135
10.125063 -7.504497 1.482739 162.755033
10.135068 -7.504829 1.482568 162.922870
10.145073 -7.505229 1.482381 163.090640
10.155078 -7.505700 1.482178 163.258339
10.165083 -7.506250 1.481959 163.425960
10.175088 -7.506883 1.481724 163.593498
10.185093 -7.507603 1.481474 163.760949
10.195098 -7.508417 1.481208 163.928307
10.205103 -7.509328 1.480928 164.095569
10.215108 -7.510340 1.480632 164.262729
10.225113 -7.511459 1.480322 164.429784
10.235118 -7.512687 1.479998 164.596729
10.245123 -7.514029 1.479660 164.763562
10.255128 -7.515488 1.479308 164.930278
10.265133 -7.517068 1.478942 165.096874
10.275138 -7.518770 1.478563 165.263348
10.285143 -7.520598 1.478172 165.429697
10.295148 -7.522555 1.477768 165.595917
10.305153 -7.524643 1.477351 165.762008
10.315158 -7.526864 1.476922 165.927967
10.325163 -7.529219 1.476482 166.093791
10.335168 -7.531711 1.476030 166.259480
10.345173 -7.534340 1.475568 166.425032
10.355178 -7.537109 1.475094 166.590445
10.365183 -7.540018 1.474611 166.755719
10.375188 -7.543068 1.474117 166.920853
10.385193 -7.546259 1.473613 167.085846
10.395198 -7.549593 1.473100 167.250698
10.405203 -7.553069 1.472578 167.415408
10.415208 -7.556688 1.472047 167.579976
10.425213 -7.560450 1.471507 167.744403
10.435218 -7.564355 1.470960 167.908687
10.445223 -7.568401 1.470404 168.072831
10.455228 -7.572590 1.469841 168.236833
10.465233 -7.576920 1.469271 168.400695
10.475238 -7.581391 1.468694 168.564418
10.485243 -7.586002 1.468111 168.728001
10.495248 -7.590752 1.467521 168.891446
10.505253 -7.595640 1.466925 169.054754
10.515258 -7.600665 1.466324 169.217926
10.525263 -7.605827 1.465718 169.380963
10.535268 -7.611124 1.465106 169.543866
10.545273 -7.616554 1.464490 169.706636
10.555278 -7.622116 1.463869 169.869275
10.565283 -7.627810 1.463244 170.031785
10.575288 -7.633633 1.462616 170.194166
10.585293 -7.639584 1.461984 170.356420
10.595298 -7.645661 1.461348 170.518548
10.605303 -7.651864 1.460710 170.680553
10.615308 -7.658190 1.460069 170.842436
10.625313 -7.664637 1.459425 171.004199
10.635318 -7.671205 1.458779 171.165842
10.645323 -7.677891 1.458132 171.327369
10.655328 -7.684693 1.457482 171.488779
10.665333 -7.691611 1.456832 171.650077
10.675338 -7.698642 1.456180 171.811262
10.685343 -7.705785 1.455527 171.972336
10.695348 -7.713037 1.454873 172.133303
10.705353 -7.720397 1.454220 172.294162
10.715358 -7.727864 1.453565 172.454917
10.725363 -7.735435 1.452911 172.615568
10.735368 -7.743109 1.452258 172.776118
10.745373 -7.750885 1.451604 172.936568
10.755378 -7.758759 1.450952 173.096919
10.765383 -7.766731 1.450300 173.257175
10.775388 -7.774799 1.449650 173.417336
10.785393 -7.782962 1.449001 173.577404
10.795398 -7.791216 1.448353 173.737381
10.805403 -7.799562 1.447707 173.897268
10.815408 -7.807997 1.447063 174.057068
10.825413 -7.816519 1.446422 174.216781
10.835418 -7.825128 1.445782 174.376410
10.845423 -7.833820 1.445145 174.535955
10.855428 -7.842596 1.444511 174.695420
10.865433 -7.851452 1.443880 174.854804
10.875438 -7.860388 1.443252 175.014111
10.885443 -7.869402 1.442627 175.173341
10.895448 -7.878492 1.442006 175.332496
10.905453 -7.887657 1.441388 175.491577
10.915458 -7.896896 1.440774 175.650586
10.925463 -7.906206 1.440163 175.809524
10.935468 -7.915588 1.439557 175.968394
10.945473 -7.925038 1.438955 176.127195
10.955478 -7.934556 1.438358 176.285931
10.965483 -7.944140 1.437765 176.444601
10.975488 -7.953789 1.437177 176.603208
10.985493 -7.963501 1.436593 176.761752
10.995498 -7.973276 1.436015 176.920236
11.005503 -7.983112 1.435442 177.078660
11.015508 -7.993007 1.434874 177.237026
11.025513 -8.002960 1.434311 177.395335
11.035518 -8.012970 1.433754 177.553588
11.045523 -8.023037 1.433202 177.711787
11.055528 -8.033157 1.432657 177.869932
11.065533 -8.043331 1.432117 178.028025
11.075538 -8.053558 1.431583 178.186068
11.085543 -8.063835 1.431056 178.344060
11.095548 -8.074162 1.430534 178.502004
11.105553 -8.084537 1.430019 178.659901
11.115558 -8.094961 1.429511 178.817751
11.125563 -8.105430 1.429009 178.975556
11.135568 -8.115945 1.428514 179.133317
11.145573 -8.126505 1.428026 179.291035
11.155578 -8.137107 1.427544 179.448711
11.165583 -8.147752 1.427070 179.606345
11.175588 -8.158438 1.426603 179.763940
11.185593 -8.169164 1.426143 179.921496
11.195598 -8.179929 1.425690 180.079013
11.205603 -8.190733 1.425245 180.236494
11.215608 -8.201573 1.424807 180.393938
11.225613 -8.212450 1.424377 180.551347
11.235618 -8.223362 1.423955 180.708722
11.245623 -8.234309 1.423540 180.866064
11.255628 -8.245289 1.423133 181.023373
11.265633 -8.256301 1.422734 181.180651
11.275638 -8.267345 1.422343 181.337898
11.285643 -8.278420 1.421960 181.495115
11.295648 -8.289525 1.421585 181.652304
11.305653 -8.300659 1.421219 181.809464
11.315658 -8.311821 1.420861 181.966597
11.325663 -8.323010 1.420511 182.123703
11.335668 -8.334226 1.420169 182.280784
11.345673 -8.345467 1.419837 182.437840
11.355678 -8.356734 1.419512 182.594872
11.365683 -8.368024 1.419196 182.751881
11.375688 -8.379338 1.418889 182.908867
11.385693 -8.390674 1.418591 183.065832
11.395698 -8.402032 1.418301 183.222775
11.405703 -8.413411 1.418021 183.379699
11.415708 -8.424810 1.417749 183.536602
11.425713 -8.436229 1.417486 183.693488
11.435718 -8.447666 1.417232 183.850355
11.445723 -8.459121 1.416987 184.007205
11.455728 -8.470593 1.416752 184.164038
11.465733 -8.482082 1.416525 184.320855
11.475738 -8.493587 1.416308 184.477657
11.485743 -8.505106 1.416099 184.634445
11.495748 -8.516640 1.415900 184.791219
11.505753 -8.528188 1.415711 184.947980
11.515758 -8.539749 1.415530 185.104728
11.525763 -8.551322 1.415359 185.261464
11.535768 -8.562906 1.415198 185.418190
11.545773 -8.574501 1.415045 185.574904
11.555778 -8.586107 1.414903 185.731610
11.565783 -8.597722 1.414769 185.888305
11.575788 -8.609346 1.414645 186.044993
11.585793 -8.620978 1.414531 186.201672
11.595798 -8.632617 1.414426 186.358345
11.605803 -8.644263 1.414331 186.515011
11.615808 -8.655916 1.414245 186.671671
11.625813 -8.667574 1.414169 186.828325
11.635818 -8.679237 1.414103 186.984975
11.645823 -8.690904 1.414046 187.141621
11.655828 -8.702574 1.413998 187.298263
11.665833 -8.714248 1.413961 187.454903
11.675838 -8.725923 1.413933 187.611541
11.685843 -8.737601 1.413914 187.768177
11.695848 -8.749279 1.413905 187.924812
11.705853 -8.760957 1.413906 188.081447
11.715858 -8.772635 1.413917 188.238082
11.725863 -8.784312 1.413937 188.394719
11.735868 -8.795988 1.413967 188.551357
11.745873 -8.807661 1.414006 188.707997
11.755878 -8.819331 1.414055 188.864640
11.765883 -8.830997 1.414113 189.021286
11.775888 -8.842659 1.414182 189.177937
11.785893 -8.854316 1.414259 189.334593
11.795898 -8.865967 1.414347 189.491253
11.805903 -8.877613 1.414444 189.647920
11.815908 -8.889251 1.414550 189.804594
11.825913 -8.900882 1.414666 189.961275
11.835918 -8.912504 1.414792 190.117964
11.845923 -8.924117 1.414927 190.274661
11.855928 -8.935721 1.415071 190.431368
11.865933 -8.947314 1.415225 190.588084
11.875938 -8.958897 1.415388 190.744812
11.885943 -8.970468 1.415561 190.901550
11.895948 -8.982026 1.415743 191.058300
11.905953 -8.993571 1.415934 191.215063
11.915958 -9.005103 1.416135 191.371840
11.925963 -9.016620 1.416345 191.528630
11.935968 -9.028122 1.416564 191.685434
11.945973 -9.039608 1.416792 191.842254
11.955978 -9.051078 1.417029 191.999091
11.965983 -9.062530 1.417276 192.155943
11.975988 -9.073964 1.417531 192.312813
11.985993 -9.085379 1.417795 192.469702
11.995998 -9.096775 1.418069 192.626609
12.006003 -9.108150 1.418351 192.783536
12.016008 -9.119504 1.418642 192.940483
12.026013 -9.130837 1.418942 193.097451
12.036018 -9.142146 1.419250 193.254441
12.046023 -9.153433 1.419568 193.411454
12.056028 -9.164695 1.419894 193.568490
12.066033 -9.175932 1.420228 193.725550
12.076038 -9.187143 1.420571 193.882636
12.086043 -9.198328 1.420922 194.039747
12.096048 -9.209485 1.421282 194.196884
12.106053 -9.220614 1.421650 194.354049
12.116058 -9.231713 1.422026 194.511243
12.126063 -9.242783 1.422410 194.668465
12.136068 -9.253822 1.422802 194.825717
12.146073 -9.264829 1.423203 194.983000
12.156078 -9.275803 1.423611 195.140315
12.166083 -9.286744 1.424027 195.297662
12.176088 -9.297650 1.424451 195.455043
12.186093 -9.308520 1.424882 195.612458
12.196098 -9.319354 1.425322 195.769909
12.206103 -9.330151 1.425768 195.927396
12.216108 -9.340910 1.426222 196.084920
12.226113 -9.351629 1.426683 196.242482
12.236118 -9.362308 1.427152 196.400084
12.246123 -9.372945 1.427627 196.557726
12.256128 -9.383541 1.428110 196.715408
12.266133 -9.394092 1.428599 196.873134
12.276138 -9.404600 1.429096 197.030902
12.286143 -9.415061 1.429599 197.188715
12.296148 -9.425477 1.430108 197.346573
12.306153 -9.435844 1.430624 197.504478
12.316158 -9.446162 1.431147 197.662430
12.326163 -9.456431 1.431675 197.820431
12.336168 -9.466648 1.432210 197.978483
12.346173 -9.476813 1.432751 198.136585
12.356178 -9.486924 1.433297 198.294739
12.366183 -9.496981 1.433850 198.452947
12.376188 -9.506982 1.434408 198.611210
12.386193 -9.516925 1.434972 198.769529
12.396198 -9.526810 1.435540 198.927905
12.406203 -9.536635 1.436115 199.086339
12.416208 -9.546399 1.436694 199.244833
12.426213 -9.556101 1.437278 199.403388
12.436218 -9.565739 1.437867 199.562006
12.446223 -9.575311 1.438461 199.720687
12.456228 -9.584818 1.439059 199.879434
12.466233 -9.594256 1.439662 200.038247
12.476238 -9.603625 1.440269 200.197128
12.486243 -9.612923 1.440880 200.356079
12.496248 -9.622149 1.441494 200.515100
12.506253 -9.631302 1.442113 200.674194
12.516258 -9.640379 1.442735 200.833362
12.526263 -9.649379 1.443360 200.992605
12.536268 -9.658301 1.443989 201.151925
12.546273 -9.667144 1.444621 201.311323
12.556278 -9.675905 1.445255 201.470802
12.566283 -9.684583 1.445893 201.630362
12.576288 -9.693177 1.446532 201.790005
12.586293 -9.701684 1.447175 201.949733
12.596298 -9.710104 1.447819 202.109547
12.606303 -9.718434 1.448465 202.269450
12.616308 -9.726673 1.449113 202.429443
12.626313 -9.734819 1.449762 202.589527
12.636318 -9.742870 1.450413 202.749704
12.646323 -9.750826 1.451065 202.909976
12.656328 -9.758683 1.451717 203.070345
12.666333 -9.766441 1.452371 203.230812
12.676338 -9.774097 1.453025 203.391379
12.686343 -9.781651 1.453679 203.552048
12.696348 -9.789099 1.454333 203.712820
12.706353 -9.796441 1.454987 203.873698
12.716358 -9.803674 1.455640 204.034683
12.726363 -9.810798 1.456293 204.195777
12.736368 -9.817809 1.456944 204.356981
12.746373 -9.824707 1.457595 204.518298
12.756378 -9.831490 1.458244 204.679729
12.766383 -9.838155 1.458891 204.841275
12.776388 -9.844702 1.459537 205.002939
12.786393 -9.851129 1.460180 205.164722
12.796398 -9.857434 1.460820 205.326626
12.806403 -9.863615 1.461458 205.488652
12.816408 -9.869670 1.462093 205.650803
12.826413 -9.875599 1.462725 205.813079
12.836418 -9.881400 1.463353 205.975482
12.846423 -9.887071 1.463977 206.138013
12.856428 -9.892611 1.464597 206.300675
12.866433 -9.898018 1.465212 206.463469
12.876438 -9.903291 1.465823 206.626395
12.886443 -9.908429 1.466429 206.789455
12.896448 -9.913431 1.467029 206.952650
12.906453 -9.918296 1.467624 207.115981
12.916458 -9.923022 1.468212 207.279450
12.926463 -9.927608 1.468795 207.443058
12.936468 -9.932055 1.469370 207.606804
12.946473 -9.936360 1.469939 207.770690
12.956478 -9.940524 1.470501 207.934717
12.966483 -9.944547 1.471055 208.098885
12.976488 -9.948426 1.471601 208.263195
12.986493 -9.952163 1.472139 208.427646
12.996498 -9.955758 1.472669 208.592238
13.006503 -9.959209 1.473189 208.756973
13.016508 -9.962518 1.473701 208.921849
13.026513 -9.965685 1.474203 209.086867
13.036518 -9.968711 1.474695 209.252025
13.046523 -9.971595 1.475177 209.417323
13.056528 -9.974340 1.475649 209.582760
13.066533 -9.976946 1.476109 209.748336
13.076538 -9.979414 1.476559 209.914048
13.086543 -9.981746 1.476997 210.079896
13.096548 -9.983943 1.477424 210.245878
13.106553 -9.986008 1.477838 210.411991
13.116558 -9.987942 1.478240 210.578234
13.126563 -9.989749 1.478630 210.744604
13.136568 -9.991430 1.479006 210.911100
13.146573 -9.992988 1.479370 211.077717
13.156578 -9.994426 1.479719 211.244454
13.166583 -9.995748 1.480055 211.411306
13.176588 -9.996958 1.480377 211.578270
13.186593 -9.998058 1.480684 211.745344
13.196598 -9.999052 1.480977 211.912522
13.206603 -9.999946 1.481255 212.079800
13.216608 -10.000743 1.481518 212.247175
13.226613 -10.001448 1.481766 212.414641
13.236618 -10.002066 1.481998 212.582194
13.246623 -10.002602 1.482214 212.749829
13.256628 -10.003061 1.482415 212.917540
13.266633 -10.003448 1.482599 213.085323
13.276638 -10.003770 1.482767 213.253171
13.286643 -10.004031 1.482919 213.421079
13.296648 -10.004239 1.483054 213.589041
13.306653 -10.004398 1.483172 213.757050
13.316658 -10.004515 1.483274 213.925102
13.326663 -10.004596 1.483359 214.093189
13.336668 -10.004648 1.483427 214.261305
13.346673 -10.004678 1.483478 214.429444
13.356678 -10.004691 1.483511 214.597599
13.366683 -10.004694 1.483528 214.765764
13.376688 -10.004695 1.483527 214.933932
13.386693 -10.004698 1.483510 215.102096
13.396698 -10.004712 1.483475 215.270250
13.406703 -10.004743 1.483423 215.438388
13.416708 -10.004796 1.483355 215.606503
13.426713 -10.004880 1.483269 215.774588
13.436718 -10.004999 1.483166 215.942638
13.446723 -10.005161 1.483047 216.110645
13.456728 -10.005371 1.482911 216.278604
13.466733 -10.005635 1.482758 216.446509
13.476738 -10.005960 1.482589 216.614353
13.486743 -10.006351 1.482404 216.782132
13.496748 -10.006814 1.482203 216.949839
13.506753 -10.007354 1.481986 217.117470
13.516758 -10.007977 1.481753 217.285018
13.526763 -10.008687 1.481504 217.452480
13.536768 -10.009489 1.481240 217.619849
13.546773 -10.010388 1.480962 217.787122
13.556778 -10.011389 1.480668 217.954295
13.566783 -10.012495 1.480360 218.121362
13.576788 -10.013710 1.480037 218.288320
13.586793 -10.015039 1.479701 218.455166
13.596798 -10.016483 1.479350 218.621896
13.606803 -10.018048 1.478986 218.788507
13.616808 -10.019736 1.478609 218.954996
13.626813 -10.021549 1.478219 219.121359
13.636818 -10.023491 1.477816 219.287595
13.646823 -10.025563 1.477401 219.453701
13.656828 -10.027768 1.476974 219.619676
13.666833 -10.030107 1.476535 219.785516
13.676838 -10.032583 1.476084 219.951221
13.686843 -10.035196 1.475623 220.116789
13.696848 -10.037948 1.475151 220.282219
13.706853 -10.040840 1.474668 220.447509
13.716858 -10.043874 1.474176 220.612660
13.726863 -10.047048 1.473673 220.777669
13.736868 -10.050365 1.473161 220.942538
13.746873 -10.053825 1.472640 221.107265
13.756878 -10.057427 1.472110 221.271850
13.766883 -10.061172 1.471571 221.436293
13.776888 -10.065059 1.471025 221.600594
13.786893 -10.069089 1.470470 221.764755
13.796898 -10.073261 1.469908 221.928774
13.806903 -10.077575 1.469339 222.092652
13.816908 -10.082029 1.468763 222.256391
13.826913 -10.086623 1.468180 222.419991
13.836918 -10.091357 1.467591 222.583452
13.846923 -10.096229 1.466996 222.746776
13.856928 -10.101238 1.466396 222.909964
13.866933 -10.106384 1.465790 223.073017
13.876938 -10.111664 1.465179 223.235935
13.886943 -10.117079 1.464563 223.398721
13.896948 -10.122626 1.463943 223.561376
13.906953 -10.128304 1.463318 223.723901
13.916958 -10.134112 1.462690 223.886297
13.926963 -10.140048 1.462058 224.048566
13.936968 -10.146110 1.461423 224.210709
13.946973 -10.152298 1.460785 224.372729
13.956978 -10.158609 1.460145 224.534626
13.966983 -10.165043 1.459501 224.696403
13.976988 -10.171596 1.458856 224.858060
13.986993 -10.178268 1.458208 225.019600
13.996998 -10.185057 1.457559 225.181025
14.007004 -10.191962 1.456908 225.342335
14.017009 -10.198979 1.456257 225.503533
14.027014 -10.206109 1.455604 225.664621
14.037019 -10.213348 1.454951 225.825600
14.047024 -10.220696 1.454297 225.986472
14.057029 -10.228150 1.453643 226.147239
14.067034 -10.235709 1.452989 226.307902
14.077039 -10.243371 1.452335 226.468464
14.087044 -10.251134 1.451682 226.628926
14.097049 -10.258997 1.451029 226.789289
14.107054 -10.266958 1.450377 226.949556
14.117059 -10.275015 1.449726 227.109728
14.127064 -10.283166 1.449077 227.269807
14.137069 -10.291410 1.448429 227.429794
14.147074 -10.299745 1.447783 227.589692
14.157079 -10.308170 1.447139 227.749502
14.167084 -10.316682 1.446497 227.909225
14.177089 -10.325280 1.445858 228.068864
14.187094 -10.333963 1.445220 228.228419
14.197099 -10.342728 1.444586 228.387893
14.207104 -10.351575 1.443954 228.547287
14.217109 -10.360502 1.443326 228.706603
14.227114 -10.369506 1.442701 228.865842
14.237119 -10.378588 1.442079 229.025005
14.247124 -10.387744 1.441460 229.184095
14.257129 -10.396974 1.440846 229.343113
14.267134 -10.406276 1.440235 229.502059
14.277139 -10.415649 1.439629 229.660937
14.287144 -10.425091 1.439026 229.819746
14.297149 -10.434601 1.438428 229.978489
14.307154 -10.444178 1.437835 230.137167
14.317159 -10.453819 1.437246 230.295781
14.327164 -10.463524 1.436662 230.454333
14.337169 -10.473292 1.436083 230.612824
14.347174 -10.483120 1.435509 230.771255
14.357179 -10.493008 1.434940 230.929628
14.367184 -10.502955 1.434377 231.087943
14.377189 -10.512959 1.433819 231.246203
14.387194 -10.523018 1.433267 231.404408
14.397199 -10.533133 1.432721 231.562560
14.407204 -10.543300 1.432180 231.720659
14.417209 -10.553520 1.431646 231.878707
14.427214 -10.563792 1.431118 232.036706
14.437219 -10.574113 1.430596 232.194656
14.447224 -10.584483 1.430080 232.352558
14.457229 -10.594901 1.429571 232.510414
14.467234 -10.605365 1.429068 232.668224
14.477239 -10.615875 1.428572 232.825990
14.487244 -10.626429 1.428083 232.983713
14.497249 -10.637026 1.427601 233.141393
14.507254 -10.647666 1.427126 233.299033
14.517259 -10.658347 1.426658 233.456632
14.527264 -10.669069 1.426197 233.614192
14.537269 -10.679829 1.425743 233.771714
14.547274 -10.690628 1.425297 233.929199
14.557279 -10.701464 1.424859 234.086648
14.567284 -10.712337 1.424428 234.244061
14.577289 -10.723245 1.424004 234.401440
14.587294 -10.734187 1.423588 234.558786
14.597299 -10.745163 1.423181 234.716099
14.607304 -10.756172 1.422781 234.873380
14.617309 -10.767213 1.422389 235.030631
14.627314 -10.778284 1.422005 235.187851
14.637319 -10.789385 1.421629 235.345043
14.647324 -10.800516 1.421262 235.502207
14.657329 -10.811674 1.420903 235.659343
14.667334 -10.822860 1.420552 235.816452
14.677339 -10.834073 1.420209 235.973536
14.687344 -10.845312 1.419875 236.130595
14.697349 -10.856575 1.419550 236.287630
14.707354 -10.867863 1.419233 236.444641
14.717359 -10.879174 1.418925 236.601630
14.727364 -10.890507 1.418626 236.758597
14.737369 -10.901863 1.418335 236.915543
14.747374 -10.913239 1.418053 237.072469
14.757379 -10.924636 1.417781 237.229375
14.767384 -10.936052 1.417517 237.386262
14.777389 -10.947487 1.417262 237.543132
14.787394 -10.958940 1.417016 237.699984
14.797399 -10.970411 1.416779 237.856819
14.807404 -10.981898 1.416551 238.013638
14.817409 -10.993400 1.416333 238.170442
14.827414 -11.004918 1.416124 238.327231
14.837419 -11.016451 1.415923 238.484007
14.847424 -11.027997 1.415733 238.640769
14.857429 -11.039556 1.415551 238.797518
14.867434 -11.051127 1.415379 238.954256
14.877439 -11.062711 1.415216 239.110983
14.887444 -11.074305 1.415063 239.267699
14.897449 -11.085909 1.414919 239.424405
14.907454 -11.097523 1.414785 239.581102
14.917459 -11.109146 1.414660 239.737791
14.927464 -11.120777 1.414544 239.894471
14.937469 -11.132415 1.414438 240.051144
14.947474 -11.144061 1.414342 240.207811
14.957479 -11.155713 1.414255 240.364471
14.967484 -11.167370 1.414178 240.521127
14.977489 -11.179032 1.414110 240.677777
14.987494 -11.190699 1.414052 240.834423
14.997499 -11.202369 1.414003 240.991066
15.007504 -11.214042 1.413965 241.147706
15.017509 -11.225718 1.413935 241.304344
15.027514 -11.237395 1.413916 241.460980
15.037519 -11.249073 1.413906 241.617616
15.047524 -11.260751 1.413906 241.774250
15.057529 -11.272429 1.413915 241.930886
15.067534 -11.284106 1.413934 242.087522
15.077539 -11.295782 1.413963 242.244160
15.087544 -11.307455 1.414001 242.400799
15.097549 -11.319126 1.414049 242.557442
15.107554 -11.330792 1.414106 242.714088
15.117559 -11.342455 1.414173 242.870738
15.127564 -11.354113 1.414250 243.027393
15.137569 -11.365765 1.414336 243.184053
15.147574 -11.377411 1.414432 243.340720
15.157579 -11.389050 1.414537 243.497392
15.167584 -11.400682 1.414652 243.654072
15.177589 -11.412305 1.414776 243.810760
15.187594 -11.423919 1.414910 243.967457
15.197599 -11.435524 1.415054 244.124162
15.207604 -11.447119 1.415206 244.280878
15.217609 -11.458703 1.415368 244.437604
15.227614 -11.470275 1.415540 244.594341
15.237619 -11.481835 1.415721 244.751090
15.247624 -11.493382 1.415911 244.907851
15.257629 -11.504915 1.416111 245.064626
15.267634 -11.516434 1.416319 245.221414
15.277639 -11.527938 1.416537 245.378217
15.287644 -11.539426 1.416764 245.535035
15.297649 -11.550897 1.417001 245.691869
15.307654 -11.562351 1.417246 245.848720
15.317659 -11.573788 1.417500 246.005588
15.327664 -11.585205 1.417764 246.162474
15.337669 -11.596603 1.418036 246.319379
15.347674 -11.607981 1.418317 246.476304
15.357679 -11.619338 1.418607 246.633248
15.367684 -11.630673 1.418906 246.790214
15.377689 -11.641985 1.419213 246.947202
15.387694 -11.653274 1.419530 247.104212
15.397699 -11.664539 1.419855 247.261245
15.407704 -11.675779 1.420188 247.418302
15.417709 -11.686994 1.420530 247.575385
15.427714 -11.698182 1.420880 247.732493
15.437719 -11.709342 1.421239 247.889627
15.447724 -11.720474 1.421606 248.046789
15.457729 -11.731577 1.421981 248.203979
15.467734 -11.742651 1.422364 248.361197
15.477739 -11.753693 1.422756 248.518446
15.487744 -11.764704 1.423155 248.675726
15.497749 -11.775682 1.423562 248.833037
15.507754 -11.786626 1.423978 248.990380
15.517759 -11.797537 1.424401 249.147757
15.527764 -11.808412 1.424831 249.305168
15.537769 -11.819250 1.425269 249.462614
15.547774 -11.830051 1.425715 249.620097
15.557779 -11.840815 1.426168 249.777616
15.567784 -11.851538 1.426628 249.935174
15.577789 -11.862222 1.427096 250.092771
15.587794 -11.872865 1.427571 250.250408
15.597799 -11.883465 1.428052 250.408086
15.607804 -11.894022 1.428541 250.565806
15.617809 -11.904534 1.429037 250.723569
15.627814 -11.915002 1.429539 250.881377
15.637819 -11.925422 1.430048 251.039230
15.647824 -11.935795 1.430563 251.197129
15.657829 -11.946120 1.431084 251.355076
15.667834 -11.956394 1.431612 251.513071
15.677839 -11.966617 1.432146 251.671116
15.687844 -11.976788 1.432687 251.829212
15.697849 -11.986906 1.433233 251.987360
15.707854 -11.996969 1.433784 252.145562
15.717859 -12.006977 1.434342 252.303818
15.727864 -12.016927 1.434905 252.462130
15.737869 -12.026819 1.435473 252.620499
15.747874 -12.036651 1.436047 252.778927
15.757879 -12.046422 1.436625 252.937414
15.767884 -12.056131 1.437209 253.095962
15.777889 -12.065777 1.437797 253.254572
15.787894 -12.075357 1.438391 253.413246
15.797899 -12.084872 1.438988 253.571984
15.807904 -12.094318 1.439590 253.730790
15.817909 -12.103695 1.440197 253.889663
15.827914 -12.113002 1.440807 254.048605
15.837919 -12.122237 1.441421 254.207618
15.847924 -12.131398 1.442040 254.366703
15.857929 -12.140484 1.442661 254.525862
15.867934 -12.149494 1.443286 254.685096
15.877939 -12.158425 1.443915 254.844407
15.887944 -12.167277 1.444546 255.003796
15.897949 -12.176048 1.445180 255.163265
15.907954 -12.184736 1.445817 255.322815
15.917959 -12.193340 1.446457 255.482448
15.927964 -12.201857 1.447099 255.642166
15.937969 -12.210287 1.447743 255.801971
15.947974 -12.218628 1.448388 255.961863
15.957979 -12.226878 1.449036 256.121845
15.967984 -12.235035 1.449685 256.281918
15.977989 -12.243098 1.450336 256.442084
15.987994 -12.251065 1.450988 256.602345
15.997999 -12.258934 1.451640 256.762702
16.008004 -12.266703 1.452294 256.923157
16.018009 -12.274372 1.452947 257.083712
16.028014 -12.281937 1.453601 257.244369
16.038019 -12.289398 1.454255 257.405129
16.048024 -12.296753 1.454909 257.565995
16.058029 -12.303999 1.455563 257.726967
16.068034 -12.311136 1.456215 257.888048
16.078039 -12.318160 1.456867 258.049239
16.088044 -12.325072 1.457518 258.210542
16.098049 -12.331868 1.458167 258.371959
16.108054 -12.338548 1.458815 258.533492
16.118059 -12.345109 1.459460 258.695142
16.128064 -12.351550 1.460104 258.856911
16.138069 -12.357869 1.460745 259.018801
16.148074 -12.364065 1.461383 259.180812
16.158079 -12.370135 1.462018 259.342948
16.168084 -12.376079 1.462650 259.505209
16.178089 -12.381895 1.463279 259.667597
16.188094 -12.387581 1.463903 259.830114
16.198099 -12.393137 1.464524 259.992760
16.208104 -12.398560 1.465140 260.155538
16.218109 -12.403849 1.465751 260.318448
16.228114 -12.409003 1.466357 260.481492
16.238119 -12.414021 1.466958 260.644671
16.248124 -12.418902 1.467554 260.807987
16.258129 -12.423644 1.468143 260.971439
16.268134 -12.428247 1.468726 261.135030
16.278139 -12.432710 1.469303 261.298760
16.288144 -12.437033 1.469872 261.462630
16.298149 -12.441214 1.470435 261.626640
16.308154 -12.445252 1.470990 261.790791
16.318159 -12.449149 1.471537 261.955084
16.328164 -12.452903 1.472076 262.119518
16.338169 -12.456514 1.472607 262.284094
16.348174 -12.459983 1.473128 262.448812
16.358179 -12.463309 1.473641 262.613672
16.368184 -12.466492 1.474144 262.778672
16.378189 -12.469534 1.474637 262.943814
16.388194 -12.472436 1.475121 263.109096
16.398199 -12.475197 1.475593 263.274517
16.408204 -12.477819 1.476056 263.440076
16.418209 -12.480303 1.476507 263.605772
16.428214 -12.482651 1.476946 263.771604
16.438219 -12.484864 1.477374 263.937570
16.448224 -12.486944 1.477790 264.103668
16.458229 -12.488894 1.478194 264.269896
16.468234 -12.490716 1.478585 264.436251
16.478239 -12.492411 1.478963 264.602732
16.488244 -12.493984 1.479327 264.769335
16.498249 -12.495436 1.479679 264.936058
16.508254 -12.496772 1.480016 265.102896
16.518259 -12.497994 1.480340 265.269848
16.528264 -12.499107 1.480649 265.436908
16.538269 -12.500114 1.480944 265.604074
16.548274 -12.501019 1.481223 265.771341
16.558279 -12.501828 1.481488 265.938705
16.568284 -12.502543 1.481737 266.106160
16.578289 -12.503171 1.481971 266.273703
16.588294 -12.503717 1.482190 266.441329
16.598299 -12.504184 1.482392 266.609031
16.608304 -12.504580 1.482578 266.776806
16.618309 -12.504909 1.482748 266.944646
16.628314 -12.505177 1.482902 267.112548
16.638319 -12.505390 1.483039 267.280503
16.648324 -12.505555 1.483159 267.448508
16.658329 -12.505677 1.483263 267.616555
16.668334 -12.505762 1.483350 267.784638
16.678339 -12.505817 1.483420 267.952751
16.688344 -12.505849 1.483472 268.120887
16.698349 -12.505864 1.483508 268.289041
16.708354 -12.505868 1.483527 268.457205
16.718359 -12.505868 1.483528 268.625373
16.728364 -12.505871 1.483513 268.793538
16.738369 -12.505884 1.483480 268.961694
16.748374 -12.505912 1.483430 269.129834
16.758379 -12.505962 1.483364 269.297952
16.768384 -12.506042 1.483280 269.466041
16.778389 -12.506156 1.483179 269.634095
16.788394 -12.506313 1.483062 269.802107
16.798399 -12.506517 1.482928 269.970072
16.808404 -12.506774 1.482777 270.137984
16.818409 -12.507092 1.482610 270.305836
16.828414 -12.507475 1.482427 270.473623
16.838419 -12.507929 1.482228 270.641339
16.848424 -12.508460 1.482012 270.808978
16.858429 -12.509073 1.481781 270.976537
16.868434 -12.509772 1.481534 271.144009
16.878439 -12.510563 1.481272 271.311389
16.888444 -12.511451 1.480995 271.478674
16.898449 -12.512439 1.480703 271.645858
16.908454 -12.513532 1.480397 271.812938
16.918459 -12.514734 1.480076 271.979910
16.928464 -12.516049 1.479741 272.146770
16.938469 -12.517480 1.479392 272.313513
16.948474 -12.519031 1.479030 272.480138
16.958479 -12.520704 1.478654 272.646642
16.968484 -12.522502 1.478265 272.813020
16.978489 -12.524428 1.477864 272.979271
16.988494 -12.526485 1.477450 273.145393
16.998499 -12.528674 1.477025 273.311383
17.008504 -12.530997 1.476587 273.477239
17.018509 -12.533457 1.476138 273.642960
17.028514 -12.536054 1.475678 273.808544
17.038519 -12.538789 1.475207 273.973990
17.048524 -12.541665 1.474726 274.139297
17.058529 -12.544682 1.474234 274.304464
17.068534 -12.547840 1.473733 274.469491
17.078539 -12.551140 1.473222 274.634376
17.088544 -12.554582 1.472702 274.799119
17.098549 -12.558168 1.472173 274.963721
17.108554 -12.561896 1.471635 275.128181
17.118559 -12.565766 1.471090 275.292500
17.128564 -12.569780 1.470536 275.456676
17.138569 -12.573935 1.469975 275.620712
17.148574 -12.578231 1.469407 275.784607
17.158579 -12.582669 1.468831 275.948363
17.168584 -12.587247 1.468249 276.111979
17.178589 -12.591964 1.467661 276.275456
17.188594 -12.596820 1.467067 276.438797
17.198599 -12.601813 1.466467 276.602000
17.208604 -12.606942 1.465861 276.765069
17.218609 -12.612207 1.465251 276.928004
17.228614 -12.617606 1.464636 277.090805
17.238619 -12.623137 1.464016 277.253475
17.248624 -12.628800 1.463392 277.416015
17.258629 -12.634592 1.462765 277.578426
17.268634 -12.640513 1.462133 277.740710
17.278639 -12.646561 1.461499 277.902869
17.288644 -12.652734 1.460861 278.064903
17.298649 -12.659031 1.460220 278.226814
17.308654 -12.665450 1.459577 278.388605
17.318659 -12.671989 1.458932 278.550276
17.328664 -12.678648 1.458285 278.711830
17.338669 -12.685423 1.457636 278.873268
17.348674 -12.692314 1.456985 279.034592
17.358679 -12.699318 1.456334 279.195803
17.368684 -12.706434 1.455681 279.356904
17.378689 -12.713661 1.455028 279.517896
17.388694 -12.720996 1.454374 279.678781
17.398699 -12.728438 1.453720 279.839560
17.408704 -12.735984 1.453066 280.000235
17.418709 -12.743634 1.452412 280.160809
17.428714 -12.751386 1.451759 280.321282
17.438719 -12.759237 1.451106 280.481657
17.448724 -12.767186 1.450454 280.641935
17.458729 -12.775232 1.449803 280.802118
17.468734 -12.783372 1.449154 280.962208
17.478739 -12.791605 1.448506 281.122206
17.488744 -12.799929 1.447860 281.282115
17.498749 -12.808343 1.447215 281.441935
17.508754 -12.816845 1.446573 281.601668
17.518759 -12.825433 1.445933 281.761317
17.528764 -12.834106 1.445296 281.920882
17.538769 -12.842862 1.444661 282.080365
17.548774 -12.851699 1.444029 282.239769
17.558779 -12.860617 1.443400 282.399094
17.568784 -12.869612 1.442774 282.558341
17.578789 -12.878685 1.442152 282.717514
17.588794 -12.887832 1.441533 282.876612
17.598799 -12.897054 1.440918 283.035638
17.608804 -12.906347 1.440307 283.194593
17.618809 -12.915712 1.439700 283.353479
17.628814 -12.925146 1.439097 283.512296
17.638819 -12.934648 1.438499 283.671047
17.648824 -12.944217 1.437905 283.829733
17.658829 -12.953850 1.437315 283.988354
17.668834 -12.963548 1.436731 284.146913
17.678839 -12.973308 1.436151 284.305411
17.688844 -12.983129 1.435577 284.463849
17.698849 -12.993011 1.435007 284.622229
17.708854 -13.002950 1.434443 284.780551
17.718859 -13.012947 1.433885 284.938817
17.728864 -13.023000 1.433332 285.097029
17.738869 -13.033108 1.432785 285.255187
17.748874 -13.043270 1.432244 285.413292
17.758879 -13.053484 1.431709 285.571347
17.768884 -13.063749 1.431180 285.729351
17.778889 -13.074065 1.430657 285.887306
17.788894 -13.084429 1.430141 286.045214
17.798899 -13.094841 1.429631 286.203075
17.808904 -13.105300 1.429127 286.360891
17.818909 -13.115804 1.428630 286.518662
17.828914 -13.126353 1.428141 286.676390
17.838919 -13.136946 1.427658 286.834075
17.848924 -13.147581 1.427182 286.991720
17.858929 -13.158257 1.426713 287.149324
17.868934 -13.168973 1.426251 287.306889
17.878939 -13.179730 1.425797 287.464415
17.888944 -13.190524 1.425350 287.621904
17.898949 -13.201356 1.424910 287.779357
17.908954 -13.212224 1.424478 287.936774
17.918959 -13.223128 1.424054 288.094157
17.928964 -13.234067 1.423637 288.251507
17.938969 -13.245039 1.423228 288.408824
17.948974 -13.256044 1.422828 288.566109
17.958979 -13.267080 1.422435 288.723363
17.968984 -13.278148 1.422050 288.880587
17.978989 -13.289246 1.421673 289.037782
17.988994 -13.300373 1.421305 289.194949
17.998999 -13.311528 1.420945 289.352088
18.009005 -13.322711 1.420593 289.509201
18.019010 -13.333921 1.420249 289.666288
18.029015 -13.345156 1.419914 289.823350
18.039020 -13.356417 1.419588 289.980387
18.049025 -13.367702 1.419270 290.137401
18.059030 -13.379010 1.418961 290.294393
18.069035 -13.390341 1.418661 290.451363
18.079040 -13.401694 1.418369 290.608311
18.089045 -13.413068 1.418086 290.765239
18.099050 -13.424462 1.417812 290.922148
18.109055 -13.435876 1.417547 291.079037
18.119060 -13.447309 1.417291 291.235908
18.129065 -13.458760 1.417044 291.392762
18.139070 -13.470228 1.416807 291.549599
18.149075 -13.481713 1.416578 291.706420
18.159080 -13.493214 1.416358 291.863226
18.169085 -13.504731 1.416148 292.020017
18.179090 -13.516261 1.415947 292.176794
18.189095 -13.527806 1.415755 292.333558
18.199100 -13.539363 1.415572 292.490309
18.209105 -13.550933 1.415399 292.647048
18.219110 -13.562515 1.415235 292.803776
18.229115 -13.574108 1.415081 292.960493
18.239120 -13.585711 1.414936 293.117201
18.249125 -13.597324 1.414800 293.273899
18.259130 -13.608946 1.414674 293.430588
18.269135 -13.620576 1.414557 293.587270
18.279140 -13.632214 1.414450 293.743944
18.289145 -13.643858 1.414353 293.900611
18.299150 -13.655509 1.414265 294.057272
18.309155 -13.667166 1.414186 294.213928
18.319160 -13.678828 1.414118 294.370579
18.329165 -13.690494 1.414058 294.527226
18.339170 -13.702164 1.414009 294.683869
18.349175 -13.713837 1.413969 294.840509
18.359180 -13.725512 1.413938 294.997147
18.369185 -13.737189 1.413918 295.153784
18.379190 -13.748867 1.413907 295.310419
18.389195 -13.760545 1.413905 295.467054
18.399200 -13.772223 1.413913 295.623689
18.409205 -13.783901 1.413931 295.780325
18.419210 -13.795576 1.413959 295.936963
18.429215 -13.807250 1.413996 296.093602
18.439220 -13.818921 1.414042 296.250245
18.449225 -13.830588 1.414099 296.406890
18.459230 -13.842251 1.414165 296.563540
18.469235 -13.853909 1.414240 296.720194
18.479240 -13.865562 1.414325 296.876854
18.489245 -13.877209 1.414420 297.033519
18.499250 -13.888849 1.414524 297.190191
18.509255 -13.900481 1.414638 297.346870
18.519260 -13.912106 1.414761 297.503557
18.529265 -13.923721 1.414894 297.660252
18.539270 -13.935327 1.415036 297.816957
18.549275 -13.946923 1.415188 297.973671
18.559280 -13.958508 1.415349 298.130396
18.569285 -13.970082 1.415519 298.287132
18.579290 -13.981644 1.415699 298.443879
18.589295 -13.993192 1.415888 298.600639
18.599300 -14.004727 1.416087 298.757412
18.609305 -14.016248 1.416294 298.914199
18.619310 -14.027753 1.416511 299.071000
18.629315 -14.039243 1.416737 299.227816
18.639320 -14.050716 1.416972 299.384648
18.649325 -14.062173 1.417216 299.541497
18.659330 -14.073611 1.417470 299.698363
18.669335 -14.085031 1.417732 299.855247
18.679340 -14.096431 1.418003 300.012150
18.689345 -14.107811 1.418283 300.169072
18.699350 -14.119171 1.418572 300.326014
18.709355 -14.130508 1.418870 300.482977
18.719360 -14.141823 1.419177 300.639962
18.729365 -14.153115 1.419492 300.796970
18.739370 -14.164383 1.419816 300.954000
18.749375 -14.175626 1.420148 301.111055
18.759380 -14.186844 1.420489 301.268134
18.769385 -14.198035 1.420838 301.425239
18.779390 -14.209199 1.421196 301.582370
18.789395 -14.220334 1.421562 301.739528
18.799400 -14.231441 1.421936 301.896715
18.809405 -14.242518 1.422319 302.053930
18.819410 -14.253564 1.422709 302.211176
18.829415 -14.264578 1.423108 302.368451
18.839420 -14.275560 1.423514 302.525758
18.849425 -14.286509 1.423928 302.683098
18.859430 -14.297423 1.424350 302.840471
18.869435 -14.308302 1.424780 302.997878
18.879440 -14.319145 1.425217 303.155320
18.889445 -14.329951 1.425662 303.312798
18.899450 -14.340719 1.426114 303.470313
18.909455 -14.351447 1.426574 303.627867
18.919460 -14.362136 1.427040 303.785459
18.929465 -14.372783 1.427514 303.943091
18.939470 -14.383388 1.427995 304.100764
18.949475 -14.393950 1.428483 304.258479
18.959480 -14.404468 1.428978 304.416237
18.969485 -14.414941 1.429479 304.574039
18.979490 -14.425367 1.429987 304.731887
18.989495 -14.435746 1.430502 304.889780
18.999500 -14.446076 1.431023 305.047721
19.009505 -14.456356 1.431550 305.205711
19.019510 -14.466586 1.432083 305.363750
19.029515 -14.476763 1.432622 305.521840
19.039520 -14.486887 1.433168 305.679982
19.049525 -14.496957 1.433719 305.838178
19.059530 -14.506971 1.434276 305.996427
19.069535 -14.516928 1.434838 306.154733
19.079540 -14.526827 1.435406 306.313095
19.089545 -14.536666 1.435979 306.471515
19.099550 -14.546445 1.436557 306.629995
19.109555 -14.556161 1.437140 306.788536
19.119560 -14.565814 1.437728 306.947139
19.129565 -14.575403 1.438320 307.105805
19.139570 -14.584925 1.438917 307.264536
19.149575 -14.594379 1.439519 307.423333
19.159580 -14.603765 1.440125 307.582198
19.169585 -14.613080 1.440735 307.741132
19.179590 -14.622323 1.441349 307.900137
19.189595 -14.631493 1.441966 308.059213
19.199600 -14.640588 1.442588 308.218364
19.209605 -14.649607 1.443212 308.377589
19.219610 -14.658548 1.443840 308.536890
19.229615 -14.667409 1.444471 308.696270
19.239620 -14.676190 1.445105 308.855729
19.249625 -14.684887 1.445742 309.015270
19.259630 -14.693501 1.446381 309.174893
19.269635 -14.702029 1.447023 309.334601
19.279640 -14.710470 1.447666 309.494395
19.289645 -14.718821 1.448312 309.654277
19.299650 -14.727082 1.448960 309.814248
19.309655 -14.735250 1.449609 309.974310
19.319660 -14.743324 1.450259 310.134465
19.329665 -14.751302 1.450911 310.294715
19.339670 -14.759183 1.451563 310.455060
19.349675 -14.766964 1.452216 310.615504
19.359680 -14.774645 1.452870 310.776047
19.369685 -14.782223 1.453524 310.936692
19.379690 -14.789696 1.454178 311.097440
19.389695 -14.797063 1.454832 311.258293
19.399700 -14.804322 1.455486 311.419252
19.409705 -14.811472 1.456138 311.580320
19.419710 -14.818510 1.456790 311.741498
19.429715 -14.825435 1.457441 311.902788
19.439720 -14.832245 1.458091 312.064192
19.449725 -14.838938 1.458738 312.225711
19.459730 -14.845514 1.459384 312.387347
19.469735 -14.851969 1.460028 312.549102
19.479740 -14.858302 1.460669 312.710977
19.489745 -14.864513 1.461308 312.872974
19.499750 -14.870598 1.461944 313.035095
19.509755 -14.876557 1.462576 313.197341
19.519760 -14.882388 1.463205 313.359714
19.529765 -14.888090 1.463830 313.522215
19.539770 -14.893661 1.464451 313.684846
19.549775 -14.899100 1.465067 313.847608
19.559780 -14.904405 1.465679 314.010503
19.569785 -14.909575 1.466286 314.173531
19.579790 -14.914609 1.466888 314.336694
19.589795 -14.919506 1.467484 314.499994
19.599800 -14.924265 1.468074 314.663430
19.609805 -14.928884 1.468658 314.827005
19.619810 -14.933364 1.469235 314.990718
19.629815 -14.937703 1.469805 315.154571
19.639820 -14.941901 1.470369 315.318565
19.649825 -14.945956 1.470925 315.482699
19.659830 -14.949870 1.471473 315.646975
19.669835 -14.953640 1.472013 315.811393
19.679840 -14.957268 1.472544 315.975952
19.689845 -14.960754 1.473067 316.140653
19.699850 -14.964097 1.473581 316.305496
19.709855 -14.967297 1.474085 316.470480
19.719860 -14.970356 1.474580 316.635605
19.729865 -14.973274 1.475064 316.800870
19.739870 -14.976051 1.475538 316.966275
19.749875 -14.978690 1.476002 317.131818
19.759880 -14.981190 1.476454 317.297498
19.769885 -14.983554 1.476895 317.463314
19.779890 -14.985783 1.477324 317.629264
19.789895 -14.987879 1.477742 317.795346
19.799900 -14.989844 1.478147 317.961559
19.809905 -14.991681 1.478539 318.127900
19.819910 -14.993391 1.478919 318.294366
19.829915 -14.994978 1.479285 318.460954
19.839920 -14.996444 1.479638 318.627663
19.849925 -14.997794 1.479977 318.794488
19.859930 -14.999029 1.480302 318.961427
19.869935 -15.000155 1.480613 319.128475
19.879940 -15.001174 1.480909 319.295628
19.889945 -15.002091 1.481191 319.462883
19.899950 -15.002911 1.481458 319.630236
19.909955 -15.003637 1.481709 319.797681
19.919960 -15.004275 1.481945 319.965214
19.929965 -15.004830 1.482165 320.132830
19.939970 -15.005306 1.482369 320.300524
19.949975 -15.005710 1.482557 320.468290
19.959980 -15.006047 1.482729 320.636123
19.969985 -15.006322 1.482885 320.804017
19.979990 -15.006541 1.483024 320.971967
19.989995 -15.006711 1.483146 321.139966
20.000000 -15.006838 1.483252 321.307999
