t psi theta phi
0.000000 0.000000 1.047198 0.000000
0.005003 0.005002 1.047161 0.079369
0.010005 0.010000 1.047052 0.158734
0.015008 0.014992 1.046870 0.238093
0.020010 0.019973 1.046615 0.317442
0.025013 0.024941 1.046287 0.396779
0.030015 0.029891 1.045887 0.476101
0.035018 0.034821 1.045414 0.555403
0.040020 0.039727 1.044869 0.634683
0.045023 0.044606 1.044253 0.713939
0.050025 0.049454 1.043565 0.793167
0.055028 0.054269 1.042805 0.872364
0.060030 0.059047 1.041975 0.951527
0.065033 0.063785 1.041073 1.030654
0.070035 0.068481 1.040102 1.109741
0.075038 0.073130 1.039060 1.188787
0.080040 0.077731 1.037950 1.267788
0.085043 0.082280 1.036770 1.346742
0.090045 0.086775 1.035521 1.425646
0.095048 0.091212 1.034205 1.504499
0.100050 0.095590 1.032821 1.583297
0.105053 0.099906 1.031371 1.662039
0.110055 0.104158 1.029854 1.740722
0.115058 0.108342 1.028271 1.819344
0.120060 0.112457 1.026623 1.897903
0.125063 0.116501 1.024911 1.976398
0.130065 0.120471 1.023135 2.054827
0.135068 0.124366 1.021295 2.133188
0.140070 0.128184 1.019394 2.211479
0.145073 0.131923 1.017430 2.289698
0.150075 0.135580 1.015405 2.367845
0.155078 0.139156 1.013320 2.445919
0.160080 0.142647 1.011175 2.523917
0.165083 0.146053 1.008972 2.601838
0.170085 0.149372 1.006710 2.679682
0.175088 0.152603 1.004391 2.757448
0.180090 0.155745 1.002015 2.835135
0.185093 0.158797 0.999584 2.912742
0.190095 0.161757 0.997097 2.990267
0.195098 0.164626 0.994556 3.067712
0.200100 0.167401 0.991962 3.145074
0.205103 0.170082 0.989315 3.222355
0.210105 0.172670 0.986616 3.299552
0.215108 0.175161 0.983866 3.376666
0.220110 0.177558 0.981066 3.453697
0.225113 0.179858 0.978216 3.530645
0.230115 0.182062 0.975318 3.607508
0.235118 0.184169 0.972371 3.684289
0.240120 0.186179 0.969378 3.760985
0.245123 0.188092 0.966339 3.837598
0.250125 0.189907 0.963254 3.914128
0.255128 0.191625 0.960125 3.990574
0.260130 0.193246 0.956951 4.066938
0.265133 0.194769 0.953735 4.143219
0.270135 0.196194 0.950476 4.219418
0.275138 0.197522 0.947176 4.295535
0.280140 0.198753 0.943836 4.371571
0.285143 0.199888 0.940455 4.447526
0.290145 0.200925 0.937035 4.523400
0.295148 0.201866 0.933577 4.599195
0.300150 0.202711 0.930082 4.674911
0.305153 0.203460 0.926549 4.750549
0.310155 0.204114 0.922981 4.826108
0.315158 0.204673 0.919377 4.901591
0.320160 0.205137 0.915739 4.976998
0.325163 0.205508 0.912067 5.052329
0.330165 0.205785 0.908362 5.127585
0.335168 0.205969 0.904624 5.202767
0.340170 0.206060 0.900855 5.277877
0.345173 0.206060 0.897055 5.352914
0.350175 0.205968 0.893225 5.427880
0.355178 0.205785 0.889365 5.502776
0.360180 0.205513 0.885476 5.577602
0.365183 0.205150 0.881560 5.652360
0.370185 0.204699 0.877616 5.727050
0.375188 0.204160 0.873645 5.801674
0.380190 0.203533 0.869648 5.876232
0.385193 0.202819 0.865625 5.950725
0.390195 0.202019 0.861578 6.025154
0.395198 0.201134 0.857507 6.099521
0.400200 0.200163 0.853413 6.173826
0.405203 0.199109 0.849295 6.248071
0.410205 0.197971 0.845156 6.322255
0.415208 0.196750 0.840995 6.396381
0.420210 0.195446 0.836813 6.470450
0.425213 0.194062 0.832610 6.544461
0.430215 0.192597 0.828388 6.618417
0.435218 0.191051 0.824148 6.692318
0.440220 0.189426 0.819888 6.766166
0.445223 0.187723 0.815611 6.839961
0.450225 0.185942 0.811316 6.913704
0.455228 0.184083 0.807005 6.987397
0.460230 0.182148 0.802678 7.061040
0.465233 0.180137 0.798335 7.134634
0.470235 0.178050 0.793978 7.208181
0.475238 0.175889 0.789606 7.281680
0.480240 0.173654 0.785220 7.355135
0.485243 0.171346 0.780821 7.428544
0.490245 0.168965 0.776410 7.501910
0.495248 0.166513 0.771986 7.575233
0.500250 0.163989 0.767551 7.648514
0.505253 0.161394 0.763105 7.721754
0.510255 0.158729 0.758649 7.794954
0.515258 0.155995 0.754182 7.868115
0.520260 0.153192 0.749706 7.941238
0.525263 0.150321 0.745222 8.014324
0.530265 0.147382 0.740729 8.087374
0.535268 0.144376 0.736229 8.160388
0.540270 0.141304 0.731721 8.233368
0.545273 0.138166 0.727207 8.306314
0.550275 0.134963 0.722687 8.379228
0.555278 0.131695 0.718161 8.452109
0.560280 0.128362 0.713630 8.524960
0.565283 0.124967 0.709094 8.597781
0.570285 0.121508 0.704554 8.670572
0.575288 0.117987 0.700011 8.743336
0.580290 0.114403 0.695465 8.816071
0.585293 0.110759 0.690916 8.888780
0.590295 0.107053 0.686366 8.961462
0.595298 0.103287 0.681814 9.034120
0.600300 0.099461 0.677261 9.106753
0.605303 0.095575 0.672707 9.179363
0.610305 0.091631 0.668154 9.251950
0.615308 0.087628 0.663601 9.324515
0.620310 0.083567 0.659050 9.397058
0.625313 0.079448 0.654500 9.469581
0.630315 0.075273 0.649952 9.542084
0.635318 0.071041 0.645406 9.614569
0.640320 0.066752 0.640864 9.687034
0.645323 0.062408 0.636326 9.759483
0.650325 0.058008 0.631791 9.831914
0.655328 0.053554 0.627262 9.904329
0.660330 0.049045 0.622737 9.976728
0.665333 0.044482 0.618218 10.049113
0.670335 0.039865 0.613705 10.121483
0.675338 0.035195 0.609199 10.193840
0.680340 0.030472 0.604701 10.266184
0.685343 0.025696 0.600209 10.338515
0.690345 0.020869 0.595726 10.410835
0.695348 0.015990 0.591252 10.483144
0.700350 0.011059 0.586787 10.555442
0.705353 0.006077 0.582332 10.627731
0.710355 0.001045 0.577887 10.700010
0.715358 -0.004037 0.573453 10.772281
0.720360 -0.009170 0.569029 10.844544
0.725363 -0.014352 0.564618 10.916799
0.730365 -0.019583 0.560219 10.989047
0.735368 -0.024863 0.555833 11.061289
0.740370 -0.030192 0.551460 11.133525
0.745373 -0.035568 0.547101 11.205755
0.750375 -0.040993 0.542756 11.277981
0.755378 -0.046465 0.538426 11.350202
0.760380 -0.051984 0.534112 11.422420
0.765383 -0.057550 0.529813 11.494634
0.770385 -0.063163 0.525531 11.566846
0.775388 -0.068822 0.521265 11.639055
0.780390 -0.074527 0.517017 11.711262
0.785393 -0.080277 0.512787 11.783468
0.790395 -0.086072 0.508576 11.855673
0.795398 -0.091913 0.504383 11.927878
0.800400 -0.097798 0.500210 12.000082
0.805403 -0.103728 0.496057 12.072286
0.810405 -0.109701 0.491924 12.144492
0.815408 -0.115718 0.487813 12.216698
0.820410 -0.121779 0.483723 12.288906
0.825413 -0.127882 0.479655 12.361116
0.830415 -0.134029 0.475610 12.433328
0.835418 -0.140218 0.471588 12.505543
0.840420 -0.146449 0.467590 12.577761
0.845423 -0.152722 0.463616 12.649982
0.850425 -0.159036 0.459666 12.722208
0.855428 -0.165392 0.455742 12.794437
0.860430 -0.171788 0.451844 12.866670
0.865433 -0.178225 0.447972 12.938908
0.870435 -0.184703 0.444126 13.011151
0.875438 -0.191220 0.440309 13.083400
0.880440 -0.197778 0.436518 13.155654
0.885443 -0.204374 0.432757 13.227914
0.890445 -0.211010 0.429024 13.300180
0.895448 -0.217684 0.425321 13.372452
0.900450 -0.224397 0.421647 13.444731
0.905453 -0.231147 0.418004 13.517017
0.910455 -0.237936 0.414392 13.589311
0.915458 -0.244762 0.410812 13.661611
0.920460 -0.251625 0.407263 13.733919
0.925463 -0.258525 0.403747 13.806235
0.930465 -0.265461 0.400264 13.878558
0.935468 -0.272433 0.396815 13.950890
0.940470 -0.279441 0.393400 14.023230
0.945473 -0.286485 0.390019 14.095579
0.950475 -0.293563 0.386673 14.167936
0.955478 -0.300676 0.383363 14.240302
0.960480 -0.307824 0.380089 14.312677
0.965483 -0.315005 0.376851 14.385061
0.970485 -0.322220 0.373651 14.457454
0.975488 -0.329469 0.370488 14.529857
0.980490 -0.336750 0.367363 14.602269
0.985493 -0.344064 0.364277 14.674690
0.990495 -0.351410 0.361230 14.747121
0.995498 -0.358787 0.358222 14.819561
1.000500 -0.366196 0.355254 14.892012
1.005503 -0.373636 0.352327 14.964472
1.010505 -0.381106 0.349440 15.036942
1.015508 -0.388607 0.346595 15.109421
1.020510 -0.396137 0.343792 15.181911
1.025513 -0.403697 0.341031 15.254410
1.030515 -0.411285 0.338313 15.326919
1.035518 -0.418902 0.335638 15.399438
1.040520 -0.426547 0.333007 15.471967
1.045523 -0.434220 0.330420 15.544506
1.050525 -0.441920 0.327878 15.617055
1.055528 -0.449646 0.325380 15.689613
1.060530 -0.457399 0.322928 15.762182
1.065533 -0.465178 0.320521 15.834760
1.070535 -0.472982 0.318161 15.907347
1.075538 -0.480811 0.315848 15.979944
1.080540 -0.488664 0.313581 16.052551
1.085543 -0.496541 0.311362 16.125167
1.090545 -0.504442 0.309191 16.197792
1.095548 -0.512365 0.307068 16.270427
1.100550 -0.520312 0.304993 16.343070
1.105553 -0.528280 0.302968 16.415723
1.110555 -0.536269 0.300991 16.488384
1.115558 -0.544280 0.299065 16.561054
1.120560 -0.552311 0.297188 16.633733
1.125563 -0.560362 0.295362 16.706420
1.130565 -0.568432 0.293586 16.779115
1.135568 -0.576522 0.291862 16.851819
1.140570 -0.584629 0.290188 16.924530
1.145573 -0.592755 0.288567 16.997249
1.150575 -0.600897 0.286997 17.069975
1.155578 -0.609057 0.285479 17.142709
1.160580 -0.617233 0.284014 17.215450
1.165583 -0.625424 0.282602 17.288198
1.170585 -0.633630 0.281242 17.360952
1.175588 -0.641851 0.279936 17.433713
1.180590 -0.650086 0.278684 17.506481
1.185593 -0.658334 0.277485 17.579254
1.190595 -0.666595 0.276340 17.652033
1.195598 -0.674868 0.275249 17.724818
1.200600 -0.683152 0.274213 17.797608
1.205603 -0.691448 0.273231 17.870403
1.210605 -0.699754 0.272304 17.943203
1.215608 -0.708070 0.271432 18.016007
1.220610 -0.716395 0.270615 18.088816
1.225613 -0.724729 0.269853 18.161629
1.230615 -0.733071 0.269147 18.234445
1.235618 -0.741421 0.268497 18.307265
1.240620 -0.749777 0.267902 18.380089
1.245623 -0.758139 0.267362 18.452915
1.250625 -0.766507 0.266879 18.525744
1.255628 -0.774880 0.266452 18.598575
1.260630 -0.783257 0.266081 18.671408
1.265633 -0.791639 0.265766 18.744243
1.270635 -0.800023 0.265507 18.817079
1.275638 -0.808410 0.265304 18.889917
1.280640 -0.816799 0.265158 18.962756
1.285643 -0.825189 0.265068 19.035595
1.290645 -0.833579 0.265034 19.108434
1.295648 -0.841970 0.265057 19.181274
1.300650 -0.850361 0.265136 19.254113
1.305653 -0.858750 0.265271 19.326952
1.310655 -0.867137 0.265463 19.399790
1.315658 -0.875522 0.265711 19.472627
1.320660 -0.883904 0.266015 19.545462
1.325663 -0.892282 0.266375 19.618295
1.330665 -0.900656 0.266791 19.691127
1.335668 -0.909025 0.267264 19.763956
1.340670 -0.917388 0.267792 19.836783
1.345673 -0.925746 0.268376 19.909607
1.350675 -0.934096 0.269016 19.982427
1.355678 -0.942440 0.269711 20.055245
1.360680 -0.950775 0.270462 20.128058
1.365683 -0.959102 0.271268 20.200868
1.370685 -0.967420 0.272129 20.273673
1.375688 -0.975728 0.273046 20.346474
1.380690 -0.984026 0.274017 20.419270
1.385693 -0.992313 0.275042 20.492061
1.390695 -1.000588 0.276122 20.564847
1.395698 -1.008851 0.277257 20.637627
1.400700 -1.017102 0.278445 20.710401
1.405703 -1.025340 0.279687 20.783170
1.410705 -1.033563 0.280983 20.855932
1.415708 -1.041772 0.282332 20.928688
1.420710 -1.049967 0.283734 21.001437
1.425713 -1.058145 0.285189 21.074180
1.430715 -1.066308 0.286696 21.146915
1.435718 -1.074454 0.288256 21.219643
1.440720 -1.082583 0.289867 21.292363
1.445723 -1.090694 0.291531 21.365076
1.450725 -1.098787 0.293245 21.437781
1.455728 -1.106861 0.295011 21.510477
1.460730 -1.114916 0.296827 21.583166
1.465733 -1.122951 0.298694 21.655846
1.470735 -1.130966 0.300611 21.728518
1.475738 -1.138959 0.302578 21.801181
1.480740 -1.146932 0.304594 21.873835
1.485743 -1.154882 0.306658 21.946481
1.490745 -1.162810 0.308772 22.019117
1.495748 -1.170715 0.310934 22.091744
1.500750 -1.178597 0.313144 22.164362
1.505753 -1.186455 0.315401 22.236971
1.510755 -1.194289 0.317705 22.309570
1.515758 -1.202098 0.320056 22.382159
1.520760 -1.209881 0.322454 22.454739
1.525763 -1.217639 0.324897 22.527309
1.530765 -1.225371 0.327386 22.599869
1.535768 -1.233076 0.329920 22.672420
1.540770 -1.240754 0.332498 22.744961
1.545773 -1.248404 0.335121 22.817492
1.550775 -1.256027 0.337787 22.890013
1.555778 -1.263621 0.340497 22.962524
1.560780 -1.271186 0.343249 23.035025
1.565783 -1.278722 0.346044 23.107517
1.570785 -1.286229 0.348881 23.179998
1.575788 -1.293705 0.351759 23.252470
1.580790 -1.301151 0.354679 23.324932
1.585793 -1.308566 0.357639 23.397384
1.590795 -1.315950 0.360639 23.469826
1.595798 -1.323302 0.363678 23.542259
1.600800 -1.330622 0.366757 23.614682
1.605803 -1.337909 0.369874 23.687096
1.610805 -1.345164 0.373030 23.759500
1.615808 -1.352386 0.376223 23.831895
1.620810 -1.359574 0.379453 23.904281
1.625813 -1.366728 0.382720 23.976658
1.630815 -1.373848 0.386023 24.049026
1.635818 -1.380933 0.389362 24.121385
1.640820 -1.387984 0.392736 24.193735
1.645823 -1.394999 0.396145 24.266077
1.650825 -1.401978 0.399588 24.338410
1.655828 -1.408921 0.403064 24.410736
1.660830 -1.415828 0.406574 24.483053
1.665833 -1.422699 0.410116 24.555362
1.670835 -1.429532 0.413690 24.627664
1.675838 -1.436328 0.417296 24.699959
1.680840 -1.443086 0.420933 24.772246
1.685843 -1.449806 0.424600 24.844526
1.690845 -1.456488 0.428298 24.916800
1.695848 -1.463131 0.432025 24.989067
1.700850 -1.469735 0.435781 25.061328
1.705853 -1.476300 0.439566 25.133584
1.710855 -1.482825 0.443378 25.205833
1.715858 -1.489311 0.447218 25.278077
1.720860 -1.495756 0.451085 25.350317
1.725863 -1.502160 0.454978 25.422551
1.730865 -1.508524 0.458897 25.494781
1.735868 -1.514846 0.462842 25.567007
1.740870 -1.521127 0.466811 25.639229
1.745873 -1.527367 0.470805 25.711447
1.750875 -1.533564 0.474822 25.783663
1.755878 -1.539719 0.478863 25.855875
1.760880 -1.545831 0.482926 25.928086
1.765883 -1.551900 0.487012 26.000294
1.770885 -1.557925 0.491119 26.072501
1.775888 -1.563907 0.495247 26.144706
1.780890 -1.569845 0.499397 26.216911
1.785893 -1.575739 0.503566 26.289115
1.790895 -1.581588 0.507755 26.361320
1.795898 -1.587393 0.511962 26.433524
1.800900 -1.593152 0.516189 26.505730
1.805903 -1.598866 0.520433 26.577937
1.810905 -1.604533 0.524696 26.650146
1.815908 -1.610155 0.528975 26.722357
1.820910 -1.615730 0.533270 26.794571
1.825913 -1.621259 0.537582 26.866788
1.830915 -1.626740 0.541909 26.939008
1.835918 -1.632174 0.546251 27.011233
1.840920 -1.637560 0.550607 27.083463
1.845923 -1.642898 0.554977 27.155697
1.850925 -1.648188 0.559361 27.227938
1.855928 -1.653428 0.563757 27.300185
1.860930 -1.658620 0.568166 27.372439
1.865933 -1.663762 0.572587 27.444700
1.870935 -1.668854 0.577019 27.516969
1.875938 -1.673897 0.581462 27.589247
1.880940 -1.678888 0.585916 27.661533
1.885943 -1.683829 0.590379 27.733830
1.890945 -1.688718 0.594851 27.806136
1.895948 -1.693556 0.599333 27.878454
1.900950 -1.698341 0.603822 27.950783
1.905953 -1.703075 0.608320 28.023125
1.910955 -1.707755 0.612824 28.095479
1.915958 -1.712382 0.617336 28.167847
1.920960 -1.716956 0.621853 28.240228
1.925963 -1.721476 0.626377 28.312625
1.930965 -1.725941 0.630906 28.385037
1.935968 -1.730351 0.635439 28.457465
1.940970 -1.734706 0.639977 28.529909
1.945973 -1.739006 0.644518 28.602372
1.950975 -1.743249 0.649063 28.674852
1.955978 -1.747436 0.653611 28.747352
1.960980 -1.751565 0.658160 28.819871
1.965983 -1.755638 0.662712 28.892410
1.970985 -1.759652 0.667264 28.964971
1.975988 -1.763608 0.671817 29.037553
1.980990 -1.767505 0.676371 29.110158
1.985993 -1.771343 0.680924 29.182787
1.990995 -1.775121 0.685476 29.255440
1.995998 -1.778838 0.690027 29.328118
2.001001 -1.782495 0.694576 29.400821
2.006003 -1.786090 0.699123 29.473551
2.011006 -1.789623 0.703667 29.546309
2.016008 -1.793094 0.708207 29.619095
2.021011 -1.796503 0.712743 29.691910
2.026013 -1.799847 0.717275 29.764755
2.031016 -1.803128 0.721802 29.837630
2.036018 -1.806344 0.726324 29.910538
2.041021 -1.809495 0.730840 29.983477
2.046023 -1.812580 0.735348 30.056451
2.051026 -1.815598 0.739850 30.129458
2.056028 -1.818550 0.744345 30.202501
2.061031 -1.821435 0.748831 30.275579
2.066033 -1.824251 0.753308 30.348695
2.071036 -1.826999 0.757776 30.421849
2.076038 -1.829677 0.762235 30.495041
2.081041 -1.832286 0.766683 30.568274
2.086043 -1.834824 0.771120 30.641546
2.091046 -1.837290 0.775546 30.714861
2.096048 -1.839685 0.779960 30.788218
2.101051 -1.842008 0.784361 30.861619
2.106053 -1.844257 0.788750 30.935065
2.111056 -1.846433 0.793124 31.008555
2.116058 -1.848534 0.797485 31.082093
2.121061 -1.850560 0.801831 31.155678
2.126063 -1.852510 0.806161 31.229311
2.131066 -1.854383 0.810475 31.302994
2.136068 -1.856180 0.814773 31.376727
2.141071 -1.857899 0.819054 31.450512
2.146073 -1.859539 0.823316 31.524349
2.151076 -1.861100 0.827561 31.598240
2.156078 -1.862581 0.831787 31.672185
2.161081 -1.863981 0.835993 31.746185
2.166083 -1.865300 0.840179 31.820243
2.171086 -1.866537 0.844344 31.894357
2.176088 -1.867692 0.848488 31.968530
2.181091 -1.868763 0.852610 32.042763
2.186093 -1.869750 0.856709 32.117056
2.191096 -1.870652 0.860785 32.191411
2.196098 -1.871469 0.864836 32.265828
2.201101 -1.872199 0.868864 32.340309
2.206103 -1.872843 0.872866 32.414854
2.211106 -1.873400 0.876842 32.489465
2.216108 -1.873868 0.880791 32.564142
2.221111 -1.874248 0.884713 32.638886
2.226113 -1.874538 0.888607 32.713699
2.231116 -1.874738 0.892473 32.788581
2.236118 -1.874848 0.896309 32.863533
2.241121 -1.874866 0.900115 32.938557
2.246123 -1.874793 0.903890 33.013652
2.251126 -1.874627 0.907634 33.088820
2.256128 -1.874368 0.911345 33.164062
2.261131 -1.874016 0.915024 33.239378
2.266133 -1.873570 0.918669 33.314770
2.271136 -1.873030 0.922279 33.390238
2.276138 -1.872394 0.925855 33.465782
2.281141 -1.871664 0.929394 33.541405
2.286143 -1.870838 0.932897 33.617105
2.291146 -1.869915 0.936362 33.692885
2.296148 -1.868897 0.939790 33.768744
2.301151 -1.867782 0.943178 33.844683
2.306153 -1.866569 0.946527 33.920703
2.311156 -1.865260 0.949835 33.996804
2.316158 -1.863854 0.953101 34.072987
2.321161 -1.862350 0.956326 34.149252
2.326163 -1.860748 0.959508 34.225599
2.331166 -1.859050 0.962646 34.302029
2.336168 -1.857253 0.965739 34.378543
2.341171 -1.855359 0.968788 34.455140
2.346173 -1.853368 0.971790 34.531820
2.351176 -1.851280 0.974746 34.608584
2.356178 -1.849095 0.977653 34.685431
2.361181 -1.846814 0.980513 34.762362
2.366183 -1.844436 0.983322 34.839377
2.371186 -1.841963 0.986082 34.916475
2.376188 -1.839394 0.988791 34.993656
2.381191 -1.836731 0.991448 35.070920
2.386193 -1.833974 0.994053 35.148266
2.391196 -1.831124 0.996605 35.225695
2.396198 -1.828182 0.999102 35.303205
2.401201 -1.825148 1.001544 35.380796
2.406203 -1.822023 1.003931 35.458467
2.411206 -1.818809 1.006261 35.536217
2.416208 -1.815507 1.008534 35.614046
2.421211 -1.812118 1.010749 35.691953
2.426213 -1.808643 1.012906 35.769936
2.431216 -1.805084 1.015002 35.847995
2.436218 -1.801443 1.017039 35.926127
2.441221 -1.797720 1.019015 36.004333
2.446223 -1.793917 1.020929 36.082610
2.451226 -1.790037 1.022780 36.160957
2.456228 -1.786082 1.024569 36.239373
2.461231 -1.782052 1.026294 36.317855
2.466233 -1.777951 1.027954 36.396402
2.471236 -1.773780 1.029550 36.475012
2.476238 -1.769541 1.031079 36.553683
2.481241 -1.765238 1.032543 36.632414
2.486243 -1.760872 1.033940 36.711201
2.491246 -1.756445 1.035270 36.790043
2.496248 -1.751962 1.036531 36.868938
2.501251 -1.747423 1.037724 36.947882
2.506253 -1.742832 1.038849 37.026874
2.511256 -1.738192 1.039904 37.105911
2.516258 -1.733505 1.040889 37.184991
2.521261 -1.728775 1.041804 37.264110
2.526263 -1.724005 1.042648 37.343266
2.531266 -1.719197 1.043422 37.422457
2.536268 -1.714355 1.044124 37.501679
2.541271 -1.709482 1.044755 37.580929
2.546273 -1.704581 1.045313 37.660205
2.551276 -1.699655 1.045800 37.739504
2.556278 -1.694709 1.046214 37.818821
2.561281 -1.689744 1.046556 37.898155
2.566283 -1.684765 1.046825 37.977503
2.571286 -1.679775 1.047022 38.056860
2.576288 -1.674778 1.047145 38.136224
2.581291 -1.669777 1.047196 38.215593
2.586293 -1.664774 1.047174 38.294961
2.591296 -1.659775 1.047079 38.374328
2.596298 -1.654782 1.046911 38.453688
2.601301 -1.649798 1.046670 38.533040
2.606303 -1.644828 1.046357 38.612379
2.611306 -1.639874 1.045971 38.691704
2.616308 -1.634940 1.045512 38.771010
2.621311 -1.630029 1.044982 38.850295
2.626313 -1.625144 1.044379 38.929556
2.631316 -1.620290 1.043705 39.008789
2.636318 -1.615468 1.042959 39.087992
2.641321 -1.610682 1.042142 39.167162
2.646323 -1.605936 1.041255 39.246296
2.651326 -1.601232 1.040297 39.325392
2.656328 -1.596574 1.039269 39.404446
2.661331 -1.591963 1.038172 39.483456
2.666333 -1.587404 1.037006 39.562419
2.671336 -1.582898 1.035771 39.641334
2.676338 -1.578449 1.034468 39.720196
2.681341 -1.574059 1.033097 39.799005
2.686343 -1.569731 1.031660 39.877758
2.691346 -1.565467 1.030155 39.956453
2.696348 -1.561269 1.028586 40.035087
2.701351 -1.557140 1.026950 40.113659
2.706353 -1.553082 1.025251 40.192167
2.711356 -1.549098 1.023487 40.270609
2.716358 -1.545188 1.021660 40.348983
2.721361 -1.541355 1.019770 40.427287
2.726363 -1.537601 1.017819 40.505521
2.731366 -1.533927 1.015806 40.583683
2.736368 -1.530335 1.013732 40.661770
2.741371 -1.526828 1.011599 40.739783
2.746373 -1.523405 1.009407 40.817720
2.751376 -1.520069 1.007157 40.895579
2.756378 -1.516820 1.004849 40.973360
2.761381 -1.513661 1.002484 41.051063
2.766383 -1.510591 1.000063 41.128685
2.771386 -1.507613 0.997587 41.206227
2.776388 -1.504726 0.995057 41.283687
2.781391 -1.501933 0.992473 41.361066
2.786393 -1.499233 0.989836 41.438362
2.791396 -1.496627 0.987147 41.515575
2.796398 -1.494117 0.984407 41.592706
2.801401 -1.491702 0.981617 41.669753
2.806403 -1.489383 0.978777 41.746717
2.811406 -1.487160 0.975888 41.823597
2.816408 -1.485034 0.972951 41.900394
2.821411 -1.483005 0.969967 41.977107
2.826413 -1.481073 0.966936 42.053736
2.831416 -1.479239 0.963860 42.130282
2.836418 -1.477502 0.960740 42.206745
2.841421 -1.475862 0.957575 42.283124
2.846423 -1.474320 0.954367 42.359422
2.851426 -1.472876 0.951116 42.435636
2.856428 -1.471528 0.947824 42.511770
2.861431 -1.470278 0.944492 42.587821
2.866433 -1.469125 0.941119 42.663792
2.871436 -1.468069 0.937707 42.739682
2.876438 -1.467109 0.934256 42.815493
2.881441 -1.466245 0.930768 42.891224
2.886443 -1.465478 0.927243 42.966877
2.891446 -1.464805 0.923681 43.042451
2.896448 -1.464228 0.920084 43.117949
2.901451 -1.463745 0.916453 43.193371
2.906453 -1.463356 0.912787 43.268716
2.911456 -1.463061 0.909088 43.343987
2.916458 -1.462859 0.905357 43.419184
2.921461 -1.462749 0.901594 43.494308
2.926463 -1.462732 0.897800 43.569359
2.931466 -1.462806 0.893976 43.644339
2.936468 -1.462971 0.890122 43.719248
2.941471 -1.463226 0.886239 43.794088
2.946473 -1.463571 0.882327 43.868859
2.951476 -1.464004 0.878388 43.943562
2.956478 -1.464526 0.874423 44.018199
2.961481 -1.465136 0.870431 44.092770
2.966483 -1.465833 0.866414 44.167275
2.971486 -1.466616 0.862371 44.241717
2.976488 -1.467485 0.858305 44.316096
2.981491 -1.468439 0.854215 44.390413
2.986493 -1.469477 0.850102 44.464670
2.991496 -1.470599 0.845966 44.538866
2.996498 -1.471804 0.841810 44.613003
3.001501 -1.473091 0.837632 44.687083
3.006503 -1.474460 0.833433 44.761105
3.011506 -1.475910 0.829215 44.835072
3.016508 -1.477439 0.824978 44.908984
3.021511 -1.479049 0.820722 44.982842
3.026513 -1.480737 0.816448 45.056647
3.031516 -1.482503 0.812157 45.130400
3.036518 -1.484346 0.807849 45.204103
3.041521 -1.486267 0.803525 45.277755
3.046523 -1.488263 0.799185 45.351359
3.051526 -1.490335 0.794831 45.424915
3.056528 -1.492481 0.790461 45.498424
3.061531 -1.494702 0.786078 45.571887
3.066533 -1.496996 0.781682 45.645305
3.071536 -1.499362 0.777273 45.718679
3.076538 -1.501801 0.772852 45.792010
3.081541 -1.504311 0.768419 45.865299
3.086543 -1.506892 0.763975 45.938547
3.091546 -1.509543 0.759520 46.011755
3.096548 -1.512264 0.755056 46.084924
3.101551 -1.515054 0.750582 46.158054
3.106553 -1.517912 0.746099 46.231148
3.111556 -1.520837 0.741608 46.304204
3.116558 -1.523830 0.737109 46.377225
3.121561 -1.526889 0.732603 46.450212
3.126563 -1.530015 0.728090 46.523165
3.131566 -1.533205 0.723571 46.596084
3.136568 -1.536461 0.719046 46.668972
3.141571 -1.539780 0.714516 46.741829
3.146573 -1.543163 0.709981 46.814656
3.151576 -1.546610 0.705442 46.887453
3.156578 -1.550119 0.700899 46.960221
3.161581 -1.553690 0.696354 47.032962
3.166583 -1.557323 0.691806 47.105676
3.171586 -1.561017 0.687255 47.178364
3.176588 -1.564771 0.682704 47.251026
3.181591 -1.568585 0.678151 47.323664
3.186593 -1.572459 0.673597 47.396278
3.191596 -1.576392 0.669044 47.468870
3.196598 -1.580384 0.664491 47.541439
3.201601 -1.584434 0.659939 47.613986
3.206603 -1.588541 0.655389 47.686513
3.211606 -1.592705 0.650840 47.759020
3.216608 -1.596927 0.646295 47.831508
3.221611 -1.601204 0.641752 47.903978
3.226613 -1.605538 0.637212 47.976429
3.231616 -1.609926 0.632677 48.048864
3.236618 -1.614370 0.628147 48.121282
3.241621 -1.618869 0.623621 48.193684
3.246623 -1.623421 0.619101 48.266072
3.251626 -1.628027 0.614587 48.338445
3.256628 -1.632687 0.610080 48.410804
3.261631 -1.637400 0.605579 48.483150
3.266633 -1.642165 0.601087 48.555484
3.271636 -1.646982 0.596602 48.627806
3.276638 -1.651852 0.592126 48.700117
3.281641 -1.656772 0.587659 48.772418
3.286643 -1.661744 0.583202 48.844708
3.291646 -1.666766 0.578755 48.916989
3.296648 -1.671839 0.574318 48.989262
3.301651 -1.676962 0.569893 49.061526
3.306653 -1.682134 0.565479 49.133782
3.311656 -1.687356 0.561078 49.206032
3.316658 -1.692626 0.556689 49.278275
3.321661 -1.697945 0.552314 49.350512
3.326663 -1.703313 0.547952 49.422743
3.331666 -1.708728 0.543604 49.494970
3.336668 -1.714191 0.539271 49.567192
3.341671 -1.719701 0.534954 49.639411
3.346673 -1.725258 0.530652 49.711626
3.351676 -1.730861 0.526366 49.783838
3.356678 -1.736511 0.522097 49.856047
3.361681 -1.742207 0.517846 49.928255
3.366683 -1.747948 0.513612 50.000461
3.371686 -1.753735 0.509397 50.072666
3.376688 -1.759567 0.505201 50.144870
3.381691 -1.765443 0.501024 50.217075
3.386693 -1.771364 0.496867 50.289279
3.391696 -1.777329 0.492730 50.361484
3.396698 -1.783338 0.488615 50.433690
3.401701 -1.789390 0.484521 50.505898
3.406703 -1.795485 0.480448 50.578108
3.411706 -1.801623 0.476399 50.650319
3.416708 -1.807804 0.472372 50.722534
3.421711 -1.814026 0.468369 50.794751
3.426713 -1.820291 0.464390 50.866972
3.431716 -1.826597 0.460436 50.939196
3.436718 -1.832945 0.456507 51.011424
3.441721 -1.839334 0.452604 51.083657
3.446723 -1.845763 0.448726 51.155894
3.451726 -1.852233 0.444876 51.228136
3.456728 -1.858742 0.441053 51.300384
3.461731 -1.865292 0.437257 51.372637
3.466733 -1.871881 0.433490 51.444895
3.471736 -1.878508 0.429751 51.517160
3.476738 -1.885175 0.426042 51.589431
3.481741 -1.891880 0.422363 51.661709
3.486743 -1.898624 0.418714 51.733994
3.491746 -1.905405 0.415096 51.806285
3.496748 -1.912224 0.411509 51.878584
3.501751 -1.919079 0.407954 51.950891
3.506753 -1.925972 0.404432 52.023205
3.511756 -1.932901 0.400942 52.095527
3.516758 -1.939866 0.397486 52.167857
3.521761 -1.946868 0.394064 52.240196
3.526763 -1.953904 0.390677 52.312543
3.531766 -1.960976 0.387324 52.384898
3.536768 -1.968082 0.384007 52.457263
3.541771 -1.975223 0.380726 52.529636
3.546773 -1.982398 0.377481 52.602018
3.551776 -1.989607 0.374274 52.674410
3.556778 -1.996848 0.371103 52.746810
3.561781 -2.004123 0.367971 52.819220
3.566783 -2.011431 0.364877 52.891640
3.571786 -2.018770 0.361822 52.964069
3.576788 -2.026142 0.358807 53.036507
3.581791 -2.033545 0.355831 53.108956
3.586793 -2.040978 0.352896 53.181414
3.591796 -2.048443 0.350001 53.253882
3.596798 -2.055938 0.347148 53.326359
3.601801 -2.063462 0.344337 53.398847
3.606803 -2.071016 0.341568 53.471344
3.611806 -2.078599 0.338841 53.543852
3.616808 -2.086210 0.336158 53.616369
3.621811 -2.093850 0.333518 53.688896
3.626813 -2.101517 0.330922 53.761433
3.631816 -2.109212 0.328371 53.833980
3.636818 -2.116933 0.325865 53.906536
3.641821 -2.124681 0.323403 53.979103
3.646823 -2.132454 0.320988 54.051679
3.651826 -2.140253 0.318619 54.124264
3.656828 -2.148077 0.316296 54.196860
3.661831 -2.155926 0.314020 54.269465
3.666833 -2.163798 0.311792 54.342079
3.671836 -2.171695 0.309611 54.414702
3.676838 -2.179614 0.307479 54.487335
3.681841 -2.187556 0.305395 54.559977
3.686843 -2.195520 0.303360 54.632628
3.691846 -2.203505 0.301374 54.705287
3.696848 -2.211511 0.299437 54.777956
3.701851 -2.219539 0.297551 54.850633
3.706853 -2.227586 0.295715 54.923318
3.711856 -2.235652 0.293929 54.996012
3.716858 -2.243738 0.292195 55.068713
3.721861 -2.251842 0.290511 55.141423
3.726863 -2.259964 0.288880 55.214140
3.731866 -2.268103 0.287300 55.286865
3.736868 -2.276260 0.285772 55.359598
3.741871 -2.284432 0.284296 55.432337
3.746873 -2.292620 0.282874 55.505084
3.751876 -2.300824 0.281504 55.577837
3.756878 -2.309042 0.280187 55.650597
3.761881 -2.317274 0.278924 55.723363
3.766883 -2.325520 0.277715 55.796135
3.771886 -2.333778 0.276559 55.868913
3.776888 -2.342049 0.275458 55.941697
3.781891 -2.350331 0.274411 56.014486
3.786893 -2.358625 0.273419 56.087280
3.791896 -2.366929 0.272481 56.160079
3.796898 -2.375243 0.271598 56.232883
3.801901 -2.383566 0.270770 56.305690
3.806903 -2.391899 0.269998 56.378502
3.811906 -2.400239 0.269281 56.451318
3.816908 -2.408587 0.268619 56.524138
3.821911 -2.416942 0.268014 56.596960
3.826913 -2.425303 0.267463 56.669786
3.831916 -2.433670 0.266969 56.742614
3.836918 -2.442042 0.266531 56.815445
3.841921 -2.450419 0.266149 56.888278
3.846923 -2.458799 0.265823 56.961112
3.851926 -2.467183 0.265553 57.033949
3.856928 -2.475569 0.265339 57.106786
3.861931 -2.483958 0.265182 57.179624
3.866933 -2.492348 0.265081 57.252464
3.871936 -2.500738 0.265036 57.325303
3.876938 -2.509129 0.265048 57.398143
3.881941 -2.517520 0.265116 57.470982
3.886943 -2.525909 0.265240 57.543821
3.891946 -2.534297 0.265421 57.616659
3.896948 -2.542682 0.265658 57.689496
3.901951 -2.551064 0.265951 57.762332
3.906953 -2.559443 0.266300 57.835165
3.911956 -2.567818 0.266705 57.907997
3.916958 -2.576188 0.267167 57.980827
3.921961 -2.584553 0.267684 58.053654
3.926963 -2.592912 0.268257 58.126479
3.931966 -2.601264 0.268886 58.199300
3.936968 -2.609609 0.269571 58.272118
3.941971 -2.617946 0.270311 58.344932
3.946973 -2.626274 0.271106 58.417743
3.951976 -2.634594 0.271957 58.490549
3.956978 -2.642904 0.272862 58.563350
3.961981 -2.651204 0.273822 58.636148
3.966983 -2.659493 0.274837 58.708940
3.971986 -2.667771 0.275907 58.781726
3.976988 -2.676036 0.277031 58.854508
3.981991 -2.684289 0.278209 58.927283
3.986993 -2.692529 0.279440 59.000053
3.991996 -2.700756 0.280725 59.072817
3.996998 -2.708968 0.282064 59.145574
4.002001 -2.717165 0.283456 59.218324
4.007004 -2.725347 0.284900 59.291068
4.012006 -2.733513 0.286397 59.363804
4.017009 -2.741662 0.287947 59.436534
4.022011 -2.749794 0.289548 59.509256
4.027014 -2.757909 0.291201 59.581970
4.032016 -2.766006 0.292906 59.654676
4.037019 -2.774083 0.294662 59.727375
4.042021 -2.782142 0.296468 59.800065
4.047024 -2.790181 0.298325 59.872747
4.052026 -2.798200 0.300232 59.945420
4.057029 -2.806197 0.302189 60.018085
4.062031 -2.814174 0.304196 60.090741
4.067034 -2.822129 0.306251 60.163388
4.072036 -2.830061 0.308355 60.236026
4.077039 -2.837971 0.310508 60.308655
4.082041 -2.845857 0.312708 60.381275
4.087044 -2.853720 0.314956 60.453885
4.092046 -2.861559 0.317251 60.526486
4.097049 -2.869372 0.319593 60.599077
4.102051 -2.877161 0.321982 60.671659
4.107054 -2.884924 0.324416 60.744231
4.112056 -2.892661 0.326896 60.816793
4.117059 -2.900371 0.329421 60.889346
4.122061 -2.908054 0.331991 60.961889
4.127064 -2.915710 0.334605 61.034422
4.132066 -2.923338 0.337263 61.106945
4.137069 -2.930938 0.339964 61.179458
4.142071 -2.938509 0.342708 61.251961
4.147074 -2.946051 0.345495 61.324454
4.152076 -2.953563 0.348323 61.396938
4.157079 -2.961045 0.351194 61.469411
4.162081 -2.968497 0.354105 61.541875
4.167084 -2.975918 0.357057 61.614329
4.172086 -2.983308 0.360049 61.686774
4.177089 -2.990666 0.363081 61.759208
4.182091 -2.997993 0.366152 61.831633
4.187094 -3.005287 0.369262 61.904049
4.192096 -3.012548 0.372410 61.976455
4.197099 -3.019776 0.375596 62.048852
4.202101 -3.026971 0.378819 62.121239
4.207104 -3.034131 0.382079 62.193618
4.212106 -3.041258 0.385375 62.265987
4.217109 -3.048350 0.388707 62.338348
4.222111 -3.055407 0.392074 62.410700
4.227114 -3.062429 0.395476 62.483043
4.232116 -3.069416 0.398912 62.555379
4.237119 -3.076366 0.402382 62.627705
4.242121 -3.083280 0.405885 62.700024
4.247124 -3.090158 0.409421 62.772335
4.252126 -3.096998 0.412989 62.844638
4.257129 -3.103801 0.416589 62.916934
4.262131 -3.110567 0.420220 62.989223
4.267134 -3.117294 0.423881 63.061505
4.272136 -3.123984 0.427573 63.133780
4.277139 -3.130634 0.431294 63.206048
4.282141 -3.137246 0.435045 63.278311
4.287144 -3.143819 0.438824 63.350567
4.292146 -3.150352 0.442631 63.422818
4.297149 -3.156845 0.446465 63.495063
4.302151 -3.163298 0.450327 63.567303
4.307154 -3.169711 0.454215 63.639538
4.312156 -3.176082 0.458129 63.711769
4.317159 -3.182413 0.462069 63.783996
4.322161 -3.188702 0.466033 63.856218
4.327164 -3.194949 0.470022 63.928438
4.332166 -3.201155 0.474035 64.000654
4.337169 -3.207318 0.478071 64.072867
4.342171 -3.213438 0.482130 64.145078
4.347174 -3.219516 0.486212 64.217286
4.352176 -3.225550 0.490315 64.289493
4.357179 -3.231540 0.494439 64.361699
4.362181 -3.237487 0.498584 64.433904
4.367184 -3.243390 0.502749 64.506108
4.372186 -3.249248 0.506934 64.578312
4.377189 -3.255061 0.511139 64.650517
4.382191 -3.260829 0.515361 64.722723
4.387194 -3.266551 0.519603 64.794929
4.392196 -3.272228 0.523861 64.867138
4.397199 -3.277859 0.528137 64.939348
4.402201 -3.283443 0.532429 65.011561
4.407204 -3.288981 0.536738 65.083778
4.412206 -3.294471 0.541062 65.155998
4.417209 -3.299915 0.545401 65.228222
4.422211 -3.305310 0.549754 65.300450
4.427214 -3.310657 0.554122 65.372684
4.432216 -3.315956 0.558503 65.444923
4.437219 -3.321207 0.562897 65.517169
4.442221 -3.326408 0.567304 65.589421
4.447224 -3.331560 0.571722 65.661681
4.452226 -3.336662 0.576152 65.733948
4.457229 -3.341714 0.580593 65.806224
4.462231 -3.346715 0.585044 65.878509
4.467234 -3.351666 0.589506 65.950804
4.472236 -3.356565 0.593976 66.023108
4.477239 -3.361413 0.598456 66.095424
4.482241 -3.366209 0.602944 66.167751
4.487244 -3.370953 0.607440 66.240090
4.492246 -3.375643 0.611943 66.312441
4.497249 -3.380281 0.616453 66.384806
4.502251 -3.384865 0.620970 66.457185
4.507254 -3.389395 0.625492 66.529579
4.512256 -3.393871 0.630020 66.601988
4.517259 -3.398292 0.634553 66.674412
4.522261 -3.402658 0.639090 66.746854
4.527264 -3.406969 0.643631 66.819313
4.532266 -3.411223 0.648175 66.891790
4.537269 -3.415421 0.652722 66.964285
4.542271 -3.419562 0.657271 67.036800
4.547274 -3.423645 0.661822 67.109336
4.552276 -3.427671 0.666374 67.181892
4.557279 -3.431638 0.670927 67.254471
4.562281 -3.435547 0.675481 67.327071
4.567284 -3.439396 0.680034 67.399695
4.572286 -3.443186 0.684587 67.472343
4.577289 -3.446915 0.689138 67.545016
4.582291 -3.450584 0.693687 67.617714
4.587294 -3.454191 0.698234 67.690439
4.592296 -3.457737 0.702779 67.763191
4.597299 -3.461220 0.707320 67.835972
4.602301 -3.464640 0.711857 67.908781
4.607304 -3.467997 0.716390 67.981620
4.612306 -3.471290 0.720918 68.054489
4.617309 -3.474519 0.725441 68.127390
4.622311 -3.477683 0.729957 68.200324
4.627314 -3.480781 0.734468 68.273290
4.632316 -3.483813 0.738971 68.346291
4.637319 -3.486778 0.743467 68.419327
4.642321 -3.489675 0.747955 68.492398
4.647324 -3.492505 0.752434 68.565507
4.652326 -3.495266 0.756904 68.638653
4.657329 -3.497958 0.761364 68.711838
4.662331 -3.500580 0.765814 68.785062
4.667334 -3.503132 0.770254 68.858327
4.672336 -3.505613 0.774682 68.931634
4.677339 -3.508022 0.779098 69.004982
4.682341 -3.510358 0.783502 69.078375
4.687344 -3.512622 0.787893 69.151811
4.692346 -3.514812 0.792271 69.225293
4.697349 -3.516928 0.796634 69.298821
4.702351 -3.518968 0.800982 69.372397
4.707354 -3.520933 0.805316 69.446021
4.712356 -3.522822 0.809633 69.519694
4.717359 -3.524634 0.813934 69.593417
4.722361 -3.526368 0.818218 69.667192
4.727364 -3.528023 0.822485 69.741019
4.732366 -3.529600 0.826733 69.814899
4.737369 -3.531096 0.830962 69.888833
4.742371 -3.532512 0.835172 69.962823
4.747374 -3.533848 0.839362 70.036869
4.752376 -3.535101 0.843532 70.110972
4.757379 -3.536271 0.847680 70.185134
4.762381 -3.537359 0.851806 70.259355
4.767384 -3.538362 0.855909 70.333636
4.772386 -3.539281 0.859990 70.407979
4.777389 -3.540115 0.864046 70.482384
4.782391 -3.540862 0.868078 70.556852
4.787394 -3.541523 0.872085 70.631384
4.792396 -3.542097 0.876067 70.705982
4.797399 -3.542582 0.880021 70.780646
4.802401 -3.542979 0.883949 70.855377
4.807404 -3.543287 0.887848 70.930177
4.812406 -3.543505 0.891719 71.005045
4.817409 -3.543632 0.895561 71.079984
4.822411 -3.543668 0.899373 71.154993
4.827414 -3.543613 0.903155 71.230074
4.832416 -3.543465 0.906904 71.305228
4.837419 -3.543225 0.910622 71.380455
4.842421 -3.542891 0.914307 71.455757
4.847424 -3.542463 0.917959 71.531134
4.852426 -3.541941 0.921576 71.606587
4.857429 -3.541325 0.925159 71.682116
4.862431 -3.540613 0.928705 71.757723
4.867434 -3.539805 0.932215 71.833408
4.872436 -3.538902 0.935688 71.909172
4.877439 -3.537902 0.939123 71.985016
4.882441 -3.536806 0.942519 72.060939
4.887444 -3.535613 0.945875 72.136943
4.892446 -3.534323 0.949191 72.213029
4.897449 -3.532935 0.952466 72.289195
4.902451 -3.531450 0.955699 72.365444
4.907454 -3.529868 0.958889 72.441776
4.912456 -3.528188 0.962036 72.518190
4.917459 -3.526411 0.965138 72.594687
4.922461 -3.524536 0.968196 72.671267
4.927464 -3.522564 0.971207 72.747931
4.932466 -3.520495 0.974172 72.824679
4.937469 -3.518329 0.977089 72.901510
4.942471 -3.516066 0.979958 72.978425
4.947474 -3.513707 0.982777 73.055423
4.952476 -3.511253 0.985547 73.132505
4.957479 -3.508703 0.988266 73.209670
4.962481 -3.506058 0.990933 73.286917
4.967484 -3.503319 0.993548 73.364248
4.972486 -3.500487 0.996110 73.441660
4.977489 -3.497563 0.998618 73.519154
4.982491 -3.494547 1.001071 73.596729
4.987494 -3.491440 1.003469 73.674385
4.992496 -3.488243 1.005810 73.752120
4.997499 -3.484958 1.008095 73.829934
5.002501 -3.481586 1.010321 73.907825
5.007504 -3.478128 1.012489 73.985793
5.012506 -3.474585 1.014597 74.063837
5.017509 -3.470960 1.016646 74.141956
5.022511 -3.467252 1.018633 74.220147
5.027514 -3.463466 1.020559 74.298410
5.032516 -3.459601 1.022423 74.376744
5.037519 -3.455659 1.024224 74.455146
5.042521 -3.451644 1.025962 74.533616
5.047524 -3.447557 1.027635 74.612150
5.052526 -3.443399 1.029243 74.690748
5.057529 -3.439174 1.030786 74.769408
5.062531 -3.434883 1.032262 74.848127
5.067534 -3.430529 1.033672 74.926903
5.072536 -3.426114 1.035015 75.005734
5.077539 -3.421641 1.036290 75.084619
5.082541 -3.417113 1.037497 75.163554
5.087544 -3.412532 1.038634 75.242537
5.092546 -3.407901 1.039703 75.321565
5.097549 -3.403224 1.040702 75.400637
5.102551 -3.398502 1.041631 75.479748
5.107554 -3.393739 1.042489 75.558898
5.112556 -3.388938 1.043276 75.638082
5.117559 -3.384102 1.043992 75.717298
5.122561 -3.379235 1.044637 75.796543
5.127564 -3.374339 1.045210 75.875814
5.132566 -3.369418 1.045711 75.955108
5.137569 -3.364476 1.046139 76.034422
5.142571 -3.359514 1.046495 76.113754
5.147574 -3.354538 1.046778 76.193099
5.152576 -3.349550 1.046989 76.272454
5.157579 -3.344554 1.047127 76.351817
5.162581 -3.339553 1.047192 76.431185
5.167584 -3.334551 1.047184 76.510554
5.172586 -3.329550 1.047103 76.589921
5.177589 -3.324556 1.046949 76.669283
5.182591 -3.319570 1.046723 76.748636
5.187594 -3.314597 1.046424 76.827979
5.192596 -3.309639 1.046052 76.907306
5.197599 -3.304701 1.045607 76.986616
5.202601 -3.299785 1.045091 77.065906
5.207604 -3.294895 1.044502 77.145172
5.212606 -3.290035 1.043842 77.224410
5.217609 -3.285206 1.043111 77.303620
5.222611 -3.280414 1.042308 77.382797
5.227614 -3.275659 1.041434 77.461938
5.232616 -3.270947 1.040490 77.541041
5.237619 -3.266279 1.039476 77.620103
5.242621 -3.261659 1.038392 77.699122
5.247624 -3.257090 1.037239 77.778095
5.252626 -3.252573 1.036018 77.857019
5.257629 -3.248113 1.034728 77.935892
5.262631 -3.243711 1.033370 78.014712
5.267634 -3.239371 1.031946 78.093476
5.272636 -3.235094 1.030455 78.172182
5.277639 -3.230883 1.028898 78.250828
5.282641 -3.226741 1.027275 78.329413
5.287644 -3.222669 1.025588 78.407933
5.292646 -3.218669 1.023837 78.486388
5.297649 -3.214745 1.022022 78.564775
5.302651 -3.210897 1.020144 78.643093
5.307654 -3.207127 1.018205 78.721341
5.312656 -3.203437 1.016204 78.799517
5.317659 -3.199830 1.014142 78.877619
5.322661 -3.196305 1.012021 78.955647
5.327664 -3.192866 1.009840 79.033598
5.332666 -3.189513 1.007601 79.111473
5.337669 -3.186247 1.005304 79.189269
5.342671 -3.183070 1.002950 79.266987
5.347674 -3.179983 1.000541 79.344625
5.352676 -3.176986 0.998075 79.422183
5.357679 -3.174082 0.995556 79.499659
5.362681 -3.171270 0.992982 79.577054
5.367684 -3.168552 0.990356 79.654366
5.372686 -3.165928 0.987677 79.731596
5.377689 -3.163399 0.984947 79.808743
5.382691 -3.160965 0.982166 79.885806
5.387694 -3.158627 0.979336 79.962786
5.392696 -3.156386 0.976456 80.039683
5.397699 -3.154241 0.973529 80.116496
5.402701 -3.152193 0.970554 80.193225
5.407704 -3.150242 0.967532 80.269870
5.412706 -3.148388 0.964465 80.346433
5.417709 -3.146632 0.961353 80.422912
5.422711 -3.144974 0.958197 80.499308
5.427714 -3.143413 0.954997 80.575621
5.432716 -3.141949 0.951755 80.651852
5.437719 -3.140583 0.948471 80.728001
5.442721 -3.139314 0.945146 80.804068
5.447724 -3.138142 0.941781 80.880055
5.452726 -3.137067 0.938377 80.955961
5.457729 -3.136088 0.934934 81.031787
5.462731 -3.135206 0.931453 81.107534
5.467734 -3.134419 0.927934 81.183202
5.472736 -3.133728 0.924380 81.258792
5.477739 -3.133132 0.920790 81.334304
5.482741 -3.132631 0.917165 81.409741
5.487744 -3.132223 0.913506 81.485101
5.492746 -3.131910 0.909814 81.560386
5.497749 -3.131690 0.906089 81.635598
5.502751 -3.131562 0.902332 81.710736
5.507754 -3.131527 0.898544 81.785801
5.512756 -3.131583 0.894725 81.860795
5.517759 -3.131730 0.890877 81.935718
5.522761 -3.131968 0.887000 82.010571
5.527764 -3.132295 0.883094 82.085356
5.532766 -3.132711 0.879160 82.160072
5.537769 -3.133216 0.875200 82.234722
5.542771 -3.133809 0.871213 82.309305
5.547774 -3.134489 0.867201 82.383823
5.552776 -3.135255 0.863163 82.458278
5.557779 -3.136107 0.859101 82.532669
5.562781 -3.137045 0.855016 82.606998
5.567784 -3.138067 0.850907 82.681266
5.572786 -3.139172 0.846776 82.755474
5.577789 -3.140361 0.842624 82.829623
5.582791 -3.141632 0.838450 82.903714
5.587794 -3.142985 0.834255 82.977747
5.592796 -3.144419 0.830041 83.051725
5.597799 -3.145933 0.825808 83.125647
5.602801 -3.147527 0.821555 83.199516
5.607804 -3.149199 0.817285 83.273331
5.612806 -3.150950 0.812997 83.347094
5.617809 -3.152779 0.808692 83.420807
5.622811 -3.154684 0.804371 83.494469
5.627814 -3.156666 0.800035 83.568082
5.632816 -3.158723 0.795683 83.641647
5.637819 -3.160855 0.791316 83.715165
5.642821 -3.163061 0.786936 83.788637
5.647824 -3.165341 0.782542 83.862064
5.652826 -3.167693 0.778136 83.935447
5.657829 -3.170118 0.773717 84.008786
5.662831 -3.172614 0.769286 84.082083
5.667834 -3.175181 0.764844 84.155339
5.672836 -3.177819 0.760392 84.228555
5.677839 -3.180526 0.755929 84.301731
5.682841 -3.183302 0.751457 84.374869
5.687844 -3.186147 0.746976 84.447970
5.692846 -3.189059 0.742486 84.521033
5.697849 -3.192039 0.737989 84.594061
5.702851 -3.195085 0.733484 84.667054
5.707854 -3.198197 0.728972 84.740014
5.712856 -3.201375 0.724454 84.812940
5.717859 -3.204618 0.719930 84.885834
5.722861 -3.207925 0.715401 84.958697
5.727864 -3.211296 0.710867 85.031529
5.732866 -3.214730 0.706329 85.104332
5.737869 -3.218227 0.701787 85.177106
5.742871 -3.221786 0.697242 85.249852
5.747874 -3.225407 0.692695 85.322571
5.752876 -3.229089 0.688145 85.395264
5.757879 -3.232831 0.683593 85.467932
5.762881 -3.236634 0.679041 85.540574
5.767884 -3.240496 0.674487 85.613193
5.772886 -3.244418 0.669934 85.685789
5.777889 -3.248398 0.665381 85.758362
5.782891 -3.252436 0.660829 85.830914
5.787894 -3.256532 0.656278 85.903445
5.792896 -3.260686 0.651729 85.975956
5.797899 -3.264896 0.647183 86.048447
5.802901 -3.269163 0.642639 86.120920
5.807904 -3.273485 0.638099 86.193375
5.812906 -3.277863 0.633563 86.265813
5.817909 -3.282296 0.629032 86.338234
5.822911 -3.286784 0.624505 86.410639
5.827914 -3.291326 0.619984 86.483030
5.832916 -3.295922 0.615469 86.555406
5.837919 -3.300571 0.610960 86.627768
5.842921 -3.305273 0.606458 86.700116
5.847924 -3.310028 0.601964 86.772453
5.852926 -3.314836 0.597478 86.844777
5.857929 -3.319695 0.593000 86.917090
5.862931 -3.324605 0.588531 86.989392
5.867934 -3.329567 0.584072 87.061685
5.872936 -3.334580 0.579623 87.133968
5.877939 -3.339642 0.575185 87.206242
5.882941 -3.344755 0.570757 87.278508
5.887944 -3.349918 0.566341 87.350766
5.892946 -3.355130 0.561937 87.423016
5.897949 -3.360391 0.557546 87.495261
5.902951 -3.365701 0.553168 87.567499
5.907954 -3.371059 0.548803 87.639731
5.912956 -3.376464 0.544453 87.711959
5.917959 -3.381918 0.540117 87.784182
5.922961 -3.387419 0.535796 87.856401
5.927964 -3.392967 0.531491 87.928617
5.932966 -3.398561 0.527202 88.000829
5.937969 -3.404202 0.522930 88.073039
5.942971 -3.409889 0.518675 88.145247
5.947974 -3.415621 0.514438 88.217454
5.952976 -3.421399 0.510220 88.289659
5.957979 -3.427222 0.506019 88.361863
5.962981 -3.433090 0.501839 88.434067
5.967984 -3.439002 0.497678 88.506272
5.972986 -3.444958 0.493537 88.578477
5.977989 -3.450959 0.489417 88.650683
5.982991 -3.457002 0.485319 88.722890
5.987994 -3.463089 0.481243 88.795099
5.992996 -3.469219 0.477188 88.867311
5.997999 -3.475391 0.473157 88.939524
6.003002 -3.481606 0.469150 89.011741
6.008004 -3.487862 0.465166 89.083961
6.013007 -3.494160 0.461207 89.156185
6.018009 -3.500500 0.457273 89.228412
6.023012 -3.506881 0.453365 89.300644
6.028014 -3.513302 0.449482 89.372880
6.033017 -3.519764 0.445626 89.445121
6.038019 -3.526266 0.441798 89.517368
6.043022 -3.532807 0.437997 89.589620
6.048024 -3.539389 0.434224 89.661877
6.053027 -3.546009 0.430480 89.734141
6.058029 -3.552668 0.426765 89.806411
6.063032 -3.559366 0.423080 89.878687
6.068034 -3.566102 0.419425 89.950970
6.073037 -3.572875 0.415800 90.023261
6.078039 -3.579687 0.412208 90.095558
6.083042 -3.586535 0.408647 90.167863
6.088044 -3.593421 0.405118 90.240176
6.093047 -3.600343 0.401622 90.312496
6.098049 -3.607301 0.398159 90.384825
6.103052 -3.614295 0.394731 90.457162
6.108054 -3.621325 0.391336 90.529507
6.113057 -3.628390 0.387977 90.601861
6.118059 -3.635489 0.384653 90.674224
6.123062 -3.642624 0.381364 90.746595
6.128064 -3.649792 0.378113 90.818976
6.133067 -3.656994 0.374898 90.891365
6.138069 -3.664229 0.371720 90.963764
6.143072 -3.671498 0.368580 91.036172
6.148074 -3.678799 0.365479 91.108590
6.153077 -3.686132 0.362416 91.181017
6.158079 -3.693497 0.359393 91.253454
6.163082 -3.700894 0.356409 91.325900
6.168084 -3.708322 0.353466 91.398356
6.173087 -3.715780 0.350564 91.470822
6.178089 -3.723269 0.347702 91.543298
6.183092 -3.730788 0.344883 91.615784
6.188094 -3.738336 0.342105 91.688279
6.193097 -3.745913 0.339371 91.760785
6.198099 -3.753519 0.336679 91.833300
6.203102 -3.761153 0.334030 91.905825
6.208104 -3.768815 0.331426 91.978360
6.213107 -3.776505 0.328866 92.050905
6.218109 -3.784221 0.326351 92.123460
6.223112 -3.791963 0.323881 92.196024
6.228114 -3.799732 0.321457 92.268598
6.233117 -3.807526 0.319078 92.341182
6.238119 -3.815345 0.316746 92.413775
6.243122 -3.823189 0.314462 92.486378
6.248124 -3.831057 0.312224 92.558991
6.253127 -3.838948 0.310034 92.631612
6.258129 -3.846863 0.307892 92.704243
6.263132 -3.854801 0.305798 92.776883
6.268134 -3.862760 0.303754 92.849532
6.273137 -3.870741 0.301758 92.922190
6.278139 -3.878744 0.299812 92.994857
6.283142 -3.886767 0.297916 93.067532
6.288144 -3.894810 0.296070 93.140216
6.293147 -3.902873 0.294274 93.212908
6.298149 -3.910955 0.292530 93.285608
6.303152 -3.919056 0.290836 93.358316
6.308154 -3.927174 0.289194 93.431032
6.313157 -3.935310 0.287604 93.503756
6.318159 -3.943463 0.286066 93.576487
6.323162 -3.951633 0.284580 93.649225
6.328164 -3.959818 0.283147 93.721970
6.333167 -3.968018 0.281767 93.794722
6.338169 -3.976233 0.280440 93.867481
6.343172 -3.984463 0.279167 93.940246
6.348174 -3.992706 0.277947 94.013017
6.353177 -4.000962 0.276781 94.085793
6.358179 -4.009230 0.275669 94.158576
6.363182 -4.017510 0.274611 94.231364
6.368184 -4.025802 0.273608 94.304157
6.373187 -4.034104 0.272660 94.376955
6.378189 -4.042416 0.271766 94.449758
6.383192 -4.050738 0.270928 94.522565
6.388194 -4.059068 0.270145 94.595376
6.393197 -4.067407 0.269417 94.668191
6.398199 -4.075754 0.268744 94.741010
6.403202 -4.084107 0.268128 94.813832
6.408204 -4.092467 0.267567 94.886657
6.413207 -4.100833 0.267061 94.959485
6.418209 -4.109204 0.266612 95.032315
6.423212 -4.117580 0.266219 95.105147
6.428214 -4.125960 0.265882 95.177982
6.433217 -4.134343 0.265601 95.250818
6.438219 -4.142729 0.265377 95.323655
6.443222 -4.151117 0.265208 95.396493
6.448224 -4.159507 0.265096 95.469332
6.453227 -4.167897 0.265040 95.542172
6.458229 -4.176288 0.265041 95.615011
6.463232 -4.184679 0.265098 95.687851
6.468234 -4.193068 0.265211 95.760690
6.473237 -4.201456 0.265381 95.833528
6.478239 -4.209842 0.265607 95.906365
6.483242 -4.218225 0.265889 95.979201
6.488244 -4.226605 0.266227 96.052035
6.493247 -4.234981 0.266622 96.124868
6.498249 -4.243352 0.267072 96.197698
6.503252 -4.251717 0.267579 96.270526
6.508254 -4.260077 0.268141 96.343351
6.513257 -4.268431 0.268759 96.416173
6.518259 -4.276777 0.269433 96.488991
6.523262 -4.285116 0.270162 96.561806
6.528264 -4.293446 0.270946 96.634617
6.533267 -4.301767 0.271786 96.707424
6.538269 -4.310079 0.272681 96.780227
6.543272 -4.318381 0.273630 96.853025
6.548274 -4.326673 0.274635 96.925818
6.553277 -4.334952 0.275694 96.998606
6.558279 -4.343221 0.276807 97.071388
6.563282 -4.351476 0.277974 97.144165
6.568284 -4.359719 0.279195 97.216936
6.573287 -4.367948 0.280470 97.289701
6.578289 -4.376163 0.281798 97.362459
6.583292 -4.384363 0.283180 97.435211
6.588294 -4.392548 0.284614 97.507956
6.593297 -4.400717 0.286101 97.580694
6.598299 -4.408869 0.287640 97.653425
6.603302 -4.417005 0.289231 97.726148
6.608304 -4.425123 0.290874 97.798864
6.613307 -4.433223 0.292569 97.871572
6.618309 -4.441305 0.294315 97.944272
6.623312 -4.449367 0.296111 98.016963
6.628314 -4.457410 0.297958 98.089647
6.633317 -4.465433 0.299856 98.162322
6.638319 -4.473435 0.301803 98.234989
6.643322 -4.481416 0.303800 98.307646
6.648324 -4.489375 0.305846 98.380295
6.653327 -4.497312 0.307940 98.452935
6.658329 -4.505226 0.310083 98.525566
6.663332 -4.513117 0.312274 98.598187
6.668334 -4.520984 0.314513 98.670799
6.673337 -4.528827 0.316799 98.743402
6.678339 -4.536646 0.319132 98.815995
6.683342 -4.544440 0.321511 98.888579
6.688344 -4.552208 0.323937 98.961153
6.693347 -4.559950 0.326408 99.033717
6.698349 -4.567665 0.328924 99.106272
6.703352 -4.575354 0.331485 99.178816
6.708354 -4.583015 0.334090 99.251351
6.713357 -4.590648 0.336740 99.323876
6.718359 -4.598254 0.339432 99.396391
6.723362 -4.605830 0.342168 99.468896
6.728364 -4.613378 0.344947 99.541391
6.733367 -4.620896 0.347767 99.613877
6.738369 -4.628384 0.350629 99.686352
6.743372 -4.635842 0.353533 99.758818
6.748374 -4.643269 0.356477 99.831274
6.753377 -4.650665 0.359461 99.903720
6.758379 -4.658029 0.362485 99.976157
6.763382 -4.665362 0.365549 100.048584
6.768384 -4.672662 0.368651 100.121001
6.773387 -4.679930 0.371792 100.193409
6.778389 -4.687165 0.374970 100.265808
6.783392 -4.694366 0.378186 100.338197
6.788394 -4.701533 0.381439 100.410577
6.793397 -4.708667 0.384728 100.482949
6.798399 -4.715766 0.388053 100.555311
6.803402 -4.722830 0.391413 100.627665
6.808404 -4.729859 0.394808 100.700010
6.813407 -4.736852 0.398238 100.772346
6.818409 -4.743809 0.401701 100.844675
6.823412 -4.750730 0.405198 100.916995
6.828414 -4.757615 0.408727 100.989308
6.833417 -4.764463 0.412289 101.061613
6.838419 -4.771273 0.415883 101.133910
6.843422 -4.778046 0.419508 101.206200
6.848424 -4.784781 0.423163 101.278483
6.853427 -4.791478 0.426849 101.350759
6.858429 -4.798136 0.430565 101.423029
6.863432 -4.804756 0.434309 101.495293
6.868434 -4.811336 0.438083 101.567550
6.873437 -4.817877 0.441885 101.639802
6.878439 -4.824378 0.445714 101.712048
6.883442 -4.830839 0.449570 101.784289
6.888444 -4.837259 0.453453 101.856525
6.893447 -4.843639 0.457362 101.928757
6.898449 -4.849978 0.461297 102.000984
6.903452 -4.856275 0.465257 102.073208
6.908454 -4.862530 0.469241 102.145428
6.913457 -4.868744 0.473249 102.217644
6.918459 -4.874915 0.477281 102.289858
6.923462 -4.881044 0.481335 102.362069
6.928464 -4.887130 0.485412 102.434278
6.933467 -4.893173 0.489511 102.506486
6.938469 -4.899172 0.493631 102.578692
6.943472 -4.905127 0.497772 102.650897
6.948474 -4.911038 0.501934 102.723101
6.953477 -4.916905 0.506115 102.795305
6.958479 -4.922727 0.510315 102.867510
6.963482 -4.928504 0.514535 102.939715
6.968484 -4.934235 0.518772 103.011921
6.973487 -4.939921 0.523027 103.084129
6.978489 -4.945561 0.527300 103.156340
6.983492 -4.951154 0.531589 103.228552
6.988494 -4.956701 0.535894 103.300768
6.993497 -4.962201 0.540215 103.372987
6.998499 -4.967653 0.544552 103.445210
7.003502 -4.973058 0.548902 103.517438
7.008504 -4.978415 0.553267 103.589671
7.013507 -4.983723 0.557646 103.661909
7.018509 -4.988983 0.562037 103.734153
7.023512 -4.994194 0.566441 103.806404
7.028514 -4.999356 0.570858 103.878662
7.033517 -5.004468 0.575286 103.950928
7.038519 -5.009529 0.579724 104.023202
7.043522 -5.014541 0.584174 104.095486
7.048524 -5.019501 0.588633 104.167778
7.053527 -5.024411 0.593102 104.240081
7.058529 -5.029269 0.597580 104.312394
7.063532 -5.034075 0.602066 104.384719
7.068534 -5.038828 0.606561 104.457055
7.073537 -5.043530 0.611063 104.529404
7.078539 -5.048178 0.615571 104.601767
7.083542 -5.052772 0.620087 104.674143
7.088544 -5.057313 0.624608 104.746533
7.093547 -5.061800 0.629135 104.818939
7.098549 -5.066231 0.633667 104.891361
7.103552 -5.070608 0.638203 104.963799
7.108554 -5.074929 0.642743 105.036254
7.113557 -5.079195 0.647286 105.108728
7.118559 -5.083404 0.651833 105.181220
7.123562 -5.087556 0.656382 105.253731
7.128564 -5.091650 0.660932 105.326262
7.133567 -5.095687 0.665485 105.398815
7.138569 -5.099666 0.670038 105.471389
7.143572 -5.103586 0.674591 105.543985
7.148574 -5.107447 0.679144 105.616604
7.153577 -5.111249 0.683697 105.689247
7.158579 -5.114990 0.688248 105.761915
7.163582 -5.118670 0.692798 105.834609
7.168584 -5.122290 0.697346 105.907328
7.173587 -5.125847 0.701891 105.980075
7.178589 -5.129343 0.706433 106.052850
7.183592 -5.132775 0.710971 106.125653
7.188594 -5.136145 0.715505 106.198486
7.193597 -5.139451 0.720034 106.271350
7.198599 -5.142692 0.724557 106.344245
7.203602 -5.145868 0.729075 106.417172
7.208604 -5.148979 0.733587 106.490132
7.213607 -5.152024 0.738091 106.563126
7.218609 -5.155002 0.742589 106.636154
7.223612 -5.157913 0.747078 106.709219
7.228614 -5.160756 0.751559 106.782320
7.233617 -5.163531 0.756031 106.855459
7.238619 -5.166236 0.760493 106.928636
7.243622 -5.168872 0.764946 107.001853
7.248624 -5.171438 0.769387 107.075110
7.253627 -5.173932 0.773818 107.148408
7.258629 -5.176355 0.778236 107.221748
7.263632 -5.178706 0.782643 107.295132
7.268634 -5.180984 0.787036 107.368560
7.273637 -5.183189 0.791416 107.442033
7.278639 -5.185319 0.795782 107.515552
7.283642 -5.187374 0.800134 107.589118
7.288644 -5.189354 0.804470 107.662732
7.293647 -5.191258 0.808791 107.736396
7.298649 -5.193085 0.813095 107.810109
7.303652 -5.194834 0.817382 107.883874
7.308654 -5.196505 0.821652 107.957690
7.313657 -5.198097 0.825904 108.031560
7.318659 -5.199609 0.830137 108.105484
7.323662 -5.201041 0.834351 108.179462
7.328664 -5.202392 0.838545 108.253497
7.333667 -5.203661 0.842718 108.327589
7.338669 -5.204848 0.846871 108.401739
7.343672 -5.205952 0.851001 108.475949
7.348674 -5.206972 0.855109 108.550218
7.353677 -5.207907 0.859194 108.624549
7.358679 -5.208757 0.863255 108.698941
7.363682 -5.209522 0.867292 108.773397
7.368684 -5.210200 0.871304 108.847917
7.373687 -5.210790 0.875290 108.922502
7.378689 -5.211293 0.879250 108.997153
7.383692 -5.211707 0.883183 109.071871
7.388694 -5.212033 0.887088 109.146657
7.393697 -5.212268 0.890965 109.221512
7.398699 -5.212413 0.894813 109.296437
7.403702 -5.212467 0.898631 109.371432
7.408704 -5.212430 0.902418 109.446499
7.413707 -5.212300 0.906174 109.521639
7.418709 -5.212078 0.909898 109.596851
7.423712 -5.211762 0.913590 109.672139
7.428714 -5.211353 0.917248 109.747501
7.433717 -5.210850 0.920872 109.822939
7.438719 -5.210252 0.924461 109.898453
7.443722 -5.209558 0.928015 109.974045
7.448724 -5.208770 0.931532 110.049715
7.453727 -5.207885 0.935012 110.125463
7.458729 -5.206904 0.938455 110.201291
7.463732 -5.205827 0.941858 110.277199
7.468734 -5.204652 0.945222 110.353187
7.473737 -5.203381 0.948546 110.429257
7.478739 -5.202013 0.951829 110.505407
7.483742 -5.200547 0.955071 110.581640
7.488744 -5.198984 0.958269 110.657955
7.493747 -5.197323 0.961424 110.734353
7.498749 -5.195565 0.964536 110.810834
7.503752 -5.193709 0.967602 110.887398
7.508754 -5.191756 0.970622 110.964046
7.513757 -5.189706 0.973596 111.040777
7.518759 -5.187559 0.976522 111.117592
7.523762 -5.185315 0.979401 111.194490
7.528764 -5.182975 0.982230 111.271472
7.533767 -5.180539 0.985010 111.348538
7.538769 -5.178007 0.987738 111.425686
7.543772 -5.175381 0.990416 111.502918
7.548774 -5.172661 0.993041 111.580232
7.553777 -5.169847 0.995614 111.657629
7.558779 -5.166940 0.998132 111.735107
7.563782 -5.163942 1.000596 111.812666
7.568784 -5.160853 1.003005 111.890306
7.573787 -5.157674 1.005357 111.968026
7.578789 -5.154406 1.007653 112.045824
7.583792 -5.151051 1.009890 112.123700
7.588794 -5.147609 1.012070 112.201654
7.593797 -5.144083 1.014190 112.279683
7.598799 -5.140474 1.016250 112.357787
7.603802 -5.136782 1.018250 112.435964
7.608804 -5.133011 1.020188 112.514214
7.613807 -5.129161 1.022064 112.592533
7.618809 -5.125234 1.023877 112.670922
7.623812 -5.121233 1.025627 112.749379
7.628814 -5.117160 1.027313 112.827901
7.633817 -5.113016 1.028934 112.906486
7.638819 -5.108803 1.030489 112.985134
7.643822 -5.104525 1.031979 113.063842
7.648824 -5.100183 1.033402 113.142607
7.653827 -5.095780 1.034758 113.221428
7.658829 -5.091319 1.036046 113.300302
7.663832 -5.086801 1.037266 113.379227
7.668834 -5.082230 1.038417 113.458201
7.673837 -5.077609 1.039500 113.537221
7.678839 -5.072940 1.040512 113.616284
7.683842 -5.068227 1.041455 113.695388
7.688844 -5.063472 1.042327 113.774530
7.693847 -5.058678 1.043128 113.853708
7.698849 -5.053849 1.043858 113.932918
7.703852 -5.048987 1.044517 114.012158
7.708854 -5.044097 1.045104 114.091424
7.713857 -5.039181 1.045618 114.170714
7.718859 -5.034242 1.046061 114.250024
7.723862 -5.029284 1.046431 114.329352
7.728864 -5.024311 1.046729 114.408695
7.733867 -5.019325 1.046954 114.488049
7.738869 -5.014330 1.047106 114.567411
7.743872 -5.009329 1.047185 114.646778
7.748874 -5.004327 1.047191 114.726147
7.753877 -4.999326 1.047125 114.805514
7.758879 -4.994330 1.046985 114.884877
7.763882 -4.989342 1.046773 114.964233
7.768884 -4.984366 1.046488 115.043578
7.773887 -4.979406 1.046130 115.122908
7.778889 -4.974463 1.045700 115.202222
7.783892 -4.969543 1.045198 115.281516
7.788894 -4.964648 1.044623 115.360786
7.793897 -4.959781 1.043977 115.440031
7.798899 -4.954946 1.043259 115.519246
7.803902 -4.950146 1.042470 115.598429
7.808904 -4.945384 1.041610 115.677578
7.813907 -4.940663 1.040680 115.756689
7.818909 -4.935987 1.039679 115.835759
7.823912 -4.931357 1.038609 115.914787
7.828914 -4.926777 1.037470 115.993769
7.833917 -4.922250 1.036262 116.072702
7.838919 -4.917779 1.034985 116.151586
7.843922 -4.913366 1.033641 116.230416
7.848924 -4.909013 1.032229 116.309191
7.853927 -4.904724 1.030751 116.387909
7.858929 -4.900500 1.029207 116.466567
7.863932 -4.896344 1.027597 116.545163
7.868934 -4.892258 1.025923 116.623696
7.873937 -4.888244 1.024184 116.702164
7.878939 -4.884305 1.022381 116.780565
7.883942 -4.880441 1.020516 116.858897
7.888944 -4.876656 1.018589 116.937159
7.893947 -4.872951 1.016600 117.015348
7.898949 -4.869327 1.014550 117.093465
7.903952 -4.865786 1.012440 117.171507
7.908954 -4.862330 1.010271 117.249474
7.913957 -4.858960 1.008043 117.327364
7.918959 -4.855677 1.005758 117.405175
7.923962 -4.852483 1.003415 117.482909
7.928964 -4.849378 1.001016 117.560562
7.933967 -4.846364 0.998562 117.638136
7.938969 -4.843441 0.996052 117.715628
7.943972 -4.840611 0.993489 117.793038
7.948974 -4.837875 0.990873 117.870367
7.953977 -4.835232 0.988204 117.947613
7.958979 -4.832685 0.985484 118.024776
7.963982 -4.830232 0.982714 118.101856
7.968984 -4.827875 0.979893 118.178852
7.973987 -4.825615 0.977023 118.255765
7.978989 -4.823451 0.974105 118.332594
7.983992 -4.821384 0.971139 118.409340
7.988994 -4.819414 0.968127 118.486002
7.993997 -4.817542 0.965068 118.562580
7.998999 -4.815767 0.961965 118.639076
8.004002 -4.814089 0.958817 118.715488
8.009005 -4.812509 0.955626 118.791817
8.014007 -4.811026 0.952392 118.868064
8.019010 -4.809641 0.949116 118.944229
8.024012 -4.808353 0.945799 119.020313
8.029015 -4.807162 0.942442 119.096315
8.034017 -4.806068 0.939045 119.172237
8.039020 -4.805070 0.935609 119.248078
8.044022 -4.804169 0.932136 119.323840
8.049025 -4.803364 0.928625 119.399524
8.054027 -4.802654 0.925078 119.475129
8.059030 -4.802040 0.921494 119.550657
8.064032 -4.801520 0.917876 119.626108
8.069035 -4.801094 0.914224 119.701483
8.074037 -4.800763 0.910538 119.776783
8.079040 -4.800524 0.906819 119.852009
8.084042 -4.800379 0.903069 119.927161
8.089045 -4.800325 0.899287 120.002240
8.094047 -4.800364 0.895474 120.077248
8.099050 -4.800493 0.891631 120.152185
8.104052 -4.800713 0.887760 120.227052
8.109055 -4.801023 0.883859 120.301850
8.114057 -4.801422 0.879931 120.376579
8.119060 -4.801910 0.875976 120.451242
8.124062 -4.802485 0.871994 120.525838
8.129065 -4.803148 0.867987 120.600369
8.134067 -4.803898 0.863954 120.674836
8.139070 -4.804733 0.859897 120.749239
8.144072 -4.805654 0.855816 120.823580
8.149075 -4.806659 0.851712 120.897860
8.154077 -4.807748 0.847585 120.972080
8.159080 -4.808921 0.843437 121.046240
8.164082 -4.810176 0.839267 121.120342
8.169085 -4.811513 0.835077 121.194387
8.174087 -4.812931 0.830866 121.268375
8.179090 -4.814430 0.826636 121.342309
8.184092 -4.816008 0.822388 121.416188
8.189095 -4.817665 0.818121 121.490013
8.194097 -4.819401 0.813836 121.563787
8.199100 -4.821214 0.809535 121.637509
8.204102 -4.823105 0.805217 121.711181
8.209105 -4.825071 0.800883 121.784803
8.214107 -4.827114 0.796535 121.858378
8.219110 -4.829231 0.792171 121.931905
8.224112 -4.831423 0.787793 122.005386
8.229115 -4.833688 0.783402 122.078821
8.234117 -4.836026 0.778998 122.152213
8.239120 -4.838437 0.774581 122.225561
8.244122 -4.840919 0.770153 122.298866
8.249125 -4.843473 0.765713 122.372130
8.254127 -4.846096 0.761263 122.445353
8.259130 -4.848790 0.756802 122.518537
8.264132 -4.851553 0.752332 122.591683
8.269135 -4.854384 0.747852 122.664790
8.274137 -4.857283 0.743365 122.737861
8.279140 -4.860250 0.738869 122.810896
8.284142 -4.863283 0.734365 122.883896
8.289145 -4.866383 0.729855 122.956862
8.294147 -4.869548 0.725338 123.029794
8.299150 -4.872778 0.720815 123.102695
8.304152 -4.876073 0.716287 123.175563
8.309155 -4.879431 0.711754 123.248402
8.314157 -4.882853 0.707217 123.321210
8.319160 -4.886338 0.702675 123.393990
8.324162 -4.889885 0.698131 123.466741
8.329165 -4.893493 0.693584 123.539466
8.334167 -4.897163 0.689034 123.612164
8.339170 -4.900894 0.684483 123.684836
8.344172 -4.904685 0.679930 123.757483
8.349175 -4.908536 0.675377 123.830107
8.354177 -4.912446 0.670824 123.902707
8.359180 -4.916414 0.666271 123.975284
8.364182 -4.920441 0.661718 124.047840
8.369185 -4.924526 0.657167 124.120375
8.374187 -4.928668 0.652618 124.192890
8.379190 -4.932867 0.648071 124.265385
8.384192 -4.937123 0.643527 124.337862
8.389195 -4.941435 0.638986 124.410320
8.394197 -4.945802 0.634449 124.482761
8.399200 -4.950224 0.629917 124.555186
8.404202 -4.954701 0.625389 124.627594
8.409205 -4.959233 0.620867 124.699987
8.414207 -4.963818 0.616351 124.772366
8.419210 -4.968457 0.611841 124.844731
8.424212 -4.973149 0.607338 124.917082
8.429215 -4.977894 0.602842 124.989421
8.434217 -4.982691 0.598354 125.061747
8.439220 -4.987540 0.593875 125.134062
8.444222 -4.992440 0.589404 125.206367
8.449225 -4.997392 0.584943 125.278661
8.454227 -5.002395 0.580492 125.350946
8.459230 -5.007448 0.576051 125.423222
8.464232 -5.012551 0.571621 125.495489
8.469235 -5.017704 0.567203 125.567748
8.474237 -5.022906 0.562797 125.640001
8.479240 -5.028158 0.558403 125.712246
8.484242 -5.033458 0.554022 125.784485
8.489245 -5.038806 0.549655 125.856719
8.494247 -5.044203 0.545302 125.928948
8.499250 -5.049647 0.540963 126.001171
8.504252 -5.055139 0.536639 126.073391
8.509255 -5.060678 0.532331 126.145607
8.514257 -5.066263 0.528039 126.217821
8.519260 -5.071895 0.523764 126.290031
8.524262 -5.077573 0.519506 126.362239
8.529265 -5.083296 0.515265 126.434446
8.534267 -5.089065 0.511043 126.506651
8.539270 -5.094879 0.506839 126.578856
8.544272 -5.100738 0.502654 126.651060
8.549275 -5.106642 0.498489 126.723265
8.554277 -5.112590 0.494345 126.795470
8.559280 -5.118581 0.490221 126.867675
8.564282 -5.124616 0.486118 126.939882
8.569285 -5.130695 0.482038 127.012091
8.574287 -5.136816 0.477979 127.084302
8.579290 -5.142980 0.473943 127.156515
8.584292 -5.149187 0.469931 127.228731
8.589295 -5.155435 0.465943 127.300951
8.594297 -5.161725 0.461979 127.373173
8.599300 -5.168057 0.458040 127.445400
8.604302 -5.174429 0.454126 127.517631
8.609305 -5.180843 0.450239 127.589866
8.614307 -5.187297 0.446378 127.662107
8.619310 -5.193791 0.442544 127.734352
8.624312 -5.200325 0.438737 127.806603
8.629315 -5.206898 0.434959 127.878859
8.634317 -5.213511 0.431209 127.951122
8.639320 -5.220162 0.427488 128.023390
8.644322 -5.226853 0.423797 128.095665
8.649325 -5.233581 0.420137 128.167947
8.654327 -5.240347 0.416506 128.240236
8.659330 -5.247151 0.412907 128.312532
8.664332 -5.253993 0.409340 128.384836
8.669335 -5.260871 0.405805 128.457147
8.674337 -5.267786 0.402303 128.529466
8.679340 -5.274737 0.398833 128.601793
8.684342 -5.281724 0.395398 128.674128
8.689345 -5.288747 0.391997 128.746472
8.694347 -5.295805 0.388631 128.818824
8.699350 -5.302898 0.385300 128.891185
8.704352 -5.310025 0.382004 128.963555
8.709355 -5.317187 0.378745 129.035933
8.714357 -5.324382 0.375523 129.108321
8.719360 -5.331611 0.372338 129.180718
8.724362 -5.338873 0.369191 129.253124
8.729365 -5.346168 0.366082 129.325540
8.734367 -5.353495 0.363012 129.397965
8.739370 -5.360854 0.359981 129.470400
8.744372 -5.368245 0.356989 129.542845
8.749375 -5.375667 0.354038 129.615299
8.754377 -5.383119 0.351128 129.687763
8.759380 -5.390602 0.348258 129.760237
8.764382 -5.398115 0.345431 129.832721
8.769385 -5.405657 0.342645 129.905214
8.774387 -5.413229 0.339902 129.977718
8.779390 -5.420829 0.337201 130.050231
8.784392 -5.428458 0.334545 130.122754
8.789395 -5.436114 0.331932 130.195287
8.794397 -5.443798 0.329363 130.267830
8.799400 -5.451509 0.326839 130.340383
8.804402 -5.459247 0.324360 130.412946
8.809405 -5.467010 0.321927 130.485518
8.814407 -5.474799 0.319539 130.558100
8.819410 -5.482614 0.317199 130.630691
8.824412 -5.490453 0.314904 130.703293
8.829415 -5.498316 0.312657 130.775903
8.834417 -5.506203 0.310458 130.848523
8.839420 -5.514113 0.308307 130.921152
8.844422 -5.522046 0.306204 130.993790
8.849425 -5.530002 0.304149 131.066438
8.854427 -5.537979 0.302144 131.139094
8.859430 -5.545977 0.300188 131.211759
8.864432 -5.553996 0.298282 131.284432
8.869435 -5.562035 0.296427 131.357115
8.874437 -5.570095 0.294621 131.429805
8.879440 -5.578173 0.292867 131.502504
8.884442 -5.586270 0.291163 131.575210
8.889445 -5.594385 0.289511 131.647925
8.894447 -5.602517 0.287911 131.720647
8.899450 -5.610667 0.286363 131.793376
8.904452 -5.618833 0.284867 131.866113
8.909455 -5.627016 0.283423 131.938857
8.914457 -5.635213 0.282033 132.011607
8.919460 -5.643426 0.280695 132.084365
8.924462 -5.651652 0.279411 132.157128
8.929465 -5.659893 0.278181 132.229898
8.934467 -5.668146 0.277005 132.302674
8.939470 -5.676412 0.275882 132.375455
8.944472 -5.684690 0.274814 132.448242
8.949475 -5.692979 0.273800 132.521034
8.954477 -5.701279 0.272841 132.593832
8.959480 -5.709590 0.271937 132.666633
8.964482 -5.717909 0.271087 132.739440
8.969485 -5.726238 0.270293 132.812250
8.974487 -5.734576 0.269555 132.885065
8.979490 -5.742921 0.268871 132.957883
8.984492 -5.751273 0.268244 133.030704
8.989495 -5.759632 0.267672 133.103528
8.994497 -5.767996 0.267156 133.176356
8.999500 -5.776367 0.266696 133.249185
9.004502 -5.784742 0.266291 133.322017
9.009505 -5.793121 0.265943 133.394851
9.014507 -5.801503 0.265652 133.467687
9.019510 -5.809889 0.265416 133.540524
9.024512 -5.818276 0.265237 133.613362
9.029515 -5.826666 0.265114 133.686201
9.034517 -5.835056 0.265047 133.759040
9.039520 -5.843447 0.265037 133.831880
9.044522 -5.851838 0.265082 133.904719
9.049525 -5.860227 0.265185 133.977559
9.054527 -5.868616 0.265343 134.050397
9.059530 -5.877002 0.265558 134.123234
9.064532 -5.885386 0.265830 134.196071
9.069535 -5.893766 0.266157 134.268905
9.074537 -5.902143 0.266540 134.341738
9.079540 -5.910515 0.266980 134.414569
9.084542 -5.918882 0.267475 134.487397
9.089545 -5.927243 0.268027 134.560222
9.094547 -5.935597 0.268634 134.633045
9.099550 -5.943945 0.269297 134.705864
9.104552 -5.952285 0.270015 134.778680
9.109555 -5.960617 0.270789 134.851492
9.114557 -5.968941 0.271618 134.924300
9.119560 -5.977255 0.272502 134.997103
9.124562 -5.985558 0.273441 135.069902
9.129565 -5.993852 0.274434 135.142696
9.134567 -6.002134 0.275482 135.215485
9.139570 -6.010404 0.276585 135.288269
9.144572 -6.018663 0.277742 135.361046
9.149575 -6.026908 0.278952 135.433818
9.154577 -6.035140 0.280217 135.506584
9.159580 -6.043357 0.281534 135.579344
9.164582 -6.051560 0.282905 135.652097
9.169585 -6.059748 0.284329 135.724844
9.174587 -6.067920 0.285806 135.797583
9.179590 -6.076076 0.287335 135.870315
9.184592 -6.084215 0.288916 135.943040
9.189595 -6.092337 0.290549 136.015757
9.194597 -6.100441 0.292234 136.088467
9.199600 -6.108526 0.293969 136.161168
9.204602 -6.116592 0.295756 136.233862
9.209605 -6.124639 0.297593 136.306547
9.214607 -6.132665 0.299481 136.379224
9.219610 -6.140671 0.301418 136.451892
9.224612 -6.148656 0.303406 136.524551
9.229615 -6.156620 0.305442 136.597202
9.234617 -6.164561 0.307527 136.669843
9.239620 -6.172480 0.309661 136.742476
9.244622 -6.180375 0.311842 136.815099
9.249625 -6.188247 0.314072 136.887713
9.254627 -6.196095 0.316349 136.960318
9.259630 -6.203919 0.318672 137.032913
9.264632 -6.211717 0.321043 137.105498
9.269635 -6.219490 0.323459 137.178074
9.274637 -6.227237 0.325921 137.250640
9.279640 -6.234958 0.328429 137.323197
9.284642 -6.242652 0.330981 137.395743
9.289645 -6.250319 0.333578 137.468280
9.294647 -6.257957 0.336218 137.540807
9.299650 -6.265568 0.338903 137.613324
9.304652 -6.273151 0.341630 137.685831
9.309655 -6.280704 0.344400 137.758328
9.314657 -6.288228 0.347213 137.830815
9.319660 -6.295722 0.350067 137.903293
9.324662 -6.303185 0.352962 137.975761
9.329665 -6.310619 0.355898 138.048218
9.334667 -6.318021 0.358875 138.120667
9.339670 -6.325391 0.361891 138.193105
9.344672 -6.332730 0.364947 138.265534
9.349675 -6.340037 0.368042 138.337953
9.354677 -6.347311 0.371175 138.410363
9.359680 -6.354552 0.374346 138.482763
9.364682 -6.361760 0.377555 138.555155
9.369685 -6.368934 0.380800 138.627537
9.374687 -6.376074 0.384082 138.699910
9.379690 -6.383180 0.387400 138.772274
9.384692 -6.390251 0.390754 138.844629
9.389695 -6.397286 0.394142 138.916976
9.394697 -6.404287 0.397565 138.989314
9.399700 -6.411251 0.401022 139.061644
9.404702 -6.418179 0.404512 139.133966
9.409705 -6.425071 0.408035 139.206280
9.414707 -6.431926 0.411590 139.278586
9.419710 -6.438744 0.415178 139.350885
9.424712 -6.445524 0.418797 139.423177
9.429715 -6.452267 0.422446 139.495461
9.434717 -6.458971 0.426126 139.567739
9.439720 -6.465637 0.429836 139.640010
9.444722 -6.472264 0.433575 139.712274
9.449725 -6.478852 0.437343 139.784533
9.454727 -6.485401 0.441139 139.856786
9.459730 -6.491909 0.444963 139.929033
9.464732 -6.498378 0.448814 140.001275
9.469735 -6.504806 0.452692 140.073512
9.474737 -6.511194 0.456596 140.145745
9.479740 -6.517541 0.460526 140.217973
9.484742 -6.523846 0.464481 140.290197
9.489745 -6.530110 0.468460 140.362418
9.494747 -6.536332 0.472464 140.434635
9.499750 -6.542511 0.476491 140.506849
9.504752 -6.548649 0.480541 140.579061
9.509755 -6.554743 0.484614 140.651270
9.514757 -6.560794 0.488708 140.723478
9.519760 -6.566802 0.492824 140.795684
9.524762 -6.572765 0.496961 140.867889
9.529765 -6.578685 0.501119 140.940094
9.534767 -6.584561 0.505296 141.012298
9.539770 -6.590391 0.509493 141.084503
9.544772 -6.596177 0.513709 141.156708
9.549775 -6.601918 0.517943 141.228914
9.554777 -6.607612 0.522194 141.301121
9.559780 -6.613261 0.526464 141.373331
9.564782 -6.618864 0.530750 141.445543
9.569785 -6.624419 0.535052 141.517758
9.574787 -6.629928 0.539370 141.589977
9.579790 -6.635390 0.543703 141.662199
9.584792 -6.640804 0.548051 141.734426
9.589795 -6.646171 0.552413 141.806657
9.594797 -6.651489 0.556789 141.878895
9.599800 -6.656758 0.561178 141.951138
9.604802 -6.661978 0.565580 142.023387
9.609805 -6.667150 0.569994 142.095644
9.614807 -6.672271 0.574419 142.167908
9.619810 -6.677343 0.578856 142.240181
9.624812 -6.682364 0.583303 142.312462
9.629815 -6.687335 0.587761 142.384753
9.634817 -6.692254 0.592228 142.457054
9.639820 -6.697122 0.596704 142.529365
9.644822 -6.701938 0.601189 142.601687
9.649825 -6.706702 0.605682 142.674021
9.654827 -6.711414 0.610182 142.746368
9.659830 -6.716072 0.614690 142.818728
9.664832 -6.720677 0.619204 142.891101
9.669835 -6.725229 0.623724 142.963489
9.674837 -6.729726 0.628250 143.035892
9.679840 -6.734168 0.632781 143.108310
9.684842 -6.738556 0.637316 143.180745
9.689845 -6.742888 0.641855 143.253197
9.694847 -6.747164 0.646398 143.325667
9.699850 -6.751384 0.650944 143.398155
9.704852 -6.755547 0.655492 143.470662
9.709855 -6.759653 0.660043 143.543190
9.714857 -6.763702 0.664595 143.615738
9.719860 -6.767692 0.669148 143.688307
9.724862 -6.771624 0.673701 143.760899
9.729865 -6.775496 0.678254 143.833514
9.734867 -6.779309 0.682807 143.906152
9.739870 -6.783062 0.687359 143.978815
9.744872 -6.786755 0.691909 144.051504
9.749875 -6.790386 0.696457 144.124218
9.754877 -6.793956 0.701003 144.196960
9.759880 -6.797463 0.705545 144.269729
9.764882 -6.800908 0.710084 144.342527
9.769885 -6.804290 0.714619 144.415354
9.774887 -6.807608 0.719149 144.488211
9.779890 -6.810862 0.723674 144.561100
9.784892 -6.814051 0.728193 144.634021
9.789895 -6.817175 0.732706 144.706974
9.794897 -6.820233 0.737212 144.779961
9.799900 -6.823224 0.741710 144.852983
9.804902 -6.826148 0.746201 144.926041
9.809905 -6.829005 0.750684 144.999135
9.814907 -6.831793 0.755158 145.072266
9.819910 -6.834512 0.759622 145.145436
9.824912 -6.837161 0.764076 145.218644
9.829915 -6.839741 0.768520 145.291893
9.834917 -6.842249 0.772953 145.365184
9.839920 -6.844686 0.777374 145.438516
9.844922 -6.847051 0.781782 145.511891
9.849925 -6.849344 0.786178 145.585310
9.854927 -6.851562 0.790561 145.658774
9.859930 -6.853707 0.794930 145.732284
9.864932 -6.855777 0.799284 145.805841
9.869935 -6.857772 0.803624 145.879446
9.874937 -6.859691 0.807947 145.953099
9.879940 -6.861532 0.812255 146.026803
9.884942 -6.863297 0.816546 146.100557
9.889945 -6.864983 0.820819 146.174364
9.894947 -6.866590 0.825075 146.248223
9.899950 -6.868118 0.829311 146.322136
9.904952 -6.869566 0.833529 146.396104
9.909955 -6.870933 0.837727 146.470128
9.914957 -6.872218 0.841904 146.544209
9.919960 -6.873421 0.846061 146.618347
9.924962 -6.874541 0.850196 146.692545
9.929965 -6.875578 0.854308 146.766803
9.934967 -6.876530 0.858398 146.841121
9.939970 -6.877397 0.862464 146.915502
9.944972 -6.878178 0.866505 146.989945
9.949975 -6.878873 0.870522 147.064452
9.954977 -6.879480 0.874513 147.139024
9.959980 -6.880001 0.878479 147.213662
9.964982 -6.880432 0.882417 147.288367
9.969985 -6.880775 0.886327 147.363140
9.974987 -6.881028 0.890210 147.437981
9.979990 -6.881191 0.894063 147.512892
9.984992 -6.881263 0.897887 147.587874
9.989995 -6.881243 0.901680 147.662927
9.994997 -6.881132 0.905442 147.738052
10.000000 -6.880927 0.909173 147.813232
