t psi theta phi
0.000000 0.000000 0.785398 0.000000
0.010005 -0.000001 0.785329 0.200098
0.020010 -0.000010 0.785121 0.400190
0.030015 -0.000035 0.784774 0.600271
0.040020 -0.000084 0.784289 0.800336
0.050025 -0.000163 0.783668 1.000378
0.060030 -0.000282 0.782909 1.200393
0.070035 -0.000446 0.782016 1.400376
0.080040 -0.000665 0.780989 1.600321
0.090045 -0.000945 0.779829 1.800223
0.100050 -0.001292 0.778538 2.000077
0.110055 -0.001715 0.777119 2.199879
0.120060 -0.002220 0.775572 2.399624
0.130065 -0.002814 0.773901 2.599308
0.140070 -0.003502 0.772108 2.798927
0.150075 -0.004291 0.770195 2.998476
0.160080 -0.005187 0.768164 3.197952
0.170085 -0.006195 0.766020 3.397352
0.180090 -0.007320 0.763764 3.596671
0.190095 -0.008569 0.761399 3.795908
0.200100 -0.009945 0.758930 3.995059
0.210105 -0.011453 0.756359 4.194122
0.220110 -0.013098 0.753690 4.393095
0.230115 -0.014883 0.750926 4.591974
0.240120 -0.016812 0.748071 4.790760
0.250125 -0.018888 0.745129 4.989449
0.260130 -0.021115 0.742104 5.188041
0.270135 -0.023496 0.738999 5.386535
0.280140 -0.026033 0.735818 5.584929
0.290145 -0.028728 0.732567 5.783223
0.300150 -0.031583 0.729248 5.981417
0.310155 -0.034601 0.725866 6.179509
0.320160 -0.037783 0.722425 6.377502
0.330165 -0.041129 0.718929 6.575393
0.340170 -0.044642 0.715383 6.773184
0.350175 -0.048322 0.711791 6.970876
0.360180 -0.052169 0.708157 7.168468
0.370185 -0.056184 0.704487 7.365963
0.380190 -0.060367 0.700783 7.563360
0.390195 -0.064718 0.697050 7.760660
0.400200 -0.069237 0.693294 7.957866
0.410205 -0.073923 0.689517 8.154979
0.420210 -0.078775 0.685725 8.351999
0.430215 -0.083793 0.681922 8.548929
0.440220 -0.088976 0.678113 8.745771
0.450225 -0.094322 0.674301 8.942525
0.460230 -0.099831 0.670491 9.139195
0.470235 -0.105500 0.666687 9.335781
0.480240 -0.111328 0.662893 9.532286
0.490245 -0.117314 0.659114 9.728712
0.500250 -0.123455 0.655354 9.925060
0.510255 -0.129750 0.651616 10.121334
0.520260 -0.136195 0.647906 10.317535
0.530265 -0.142790 0.644227 10.513665
0.540270 -0.149532 0.640582 10.709727
0.550275 -0.156417 0.636977 10.905722
0.560280 -0.163444 0.633414 11.101653
0.570285 -0.170610 0.629898 11.297522
0.580290 -0.177912 0.626433 11.493332
0.590295 -0.185347 0.623021 11.689084
0.600300 -0.192913 0.619667 11.884780
0.610305 -0.200606 0.616374 12.080423
0.620310 -0.208422 0.613146 12.276015
0.630315 -0.216360 0.609985 12.471559
0.640320 -0.224415 0.606897 12.667055
0.650325 -0.232585 0.603882 12.862506
0.660330 -0.240866 0.600945 13.057915
0.670335 -0.249254 0.598089 13.253283
0.680340 -0.257746 0.595317 13.448611
0.690345 -0.266338 0.592631 13.643903
0.700350 -0.275027 0.590035 13.839160
0.710355 -0.283809 0.587530 14.034384
0.720360 -0.292680 0.585121 14.229576
0.730365 -0.301637 0.582808 14.424738
0.740370 -0.310675 0.580595 14.619873
0.750375 -0.319792 0.578483 14.814981
0.760380 -0.328982 0.576476 15.010065
0.770385 -0.338241 0.574574 15.205125
0.780390 -0.347567 0.572780 15.400165
0.790395 -0.356955 0.571097 15.595184
0.800400 -0.366400 0.569524 15.790185
0.810405 -0.375899 0.568065 15.985170
0.820410 -0.385447 0.566720 16.180139
0.830415 -0.395041 0.565491 16.375094
0.840420 -0.404676 0.564380 16.570036
0.850425 -0.414348 0.563387 16.764967
0.860430 -0.424053 0.562513 16.959889
0.870435 -0.433786 0.561760 17.154801
0.880440 -0.443544 0.561127 17.349707
0.890445 -0.453321 0.560617 17.544607
0.900450 -0.463114 0.560228 17.739502
0.910455 -0.472919 0.559962 17.934394
0.920460 -0.482731 0.559820 18.129283
0.930465 -0.492546 0.559800 18.324172
0.940470 -0.502359 0.559903 18.519061
0.950475 -0.512166 0.560129 18.713952
0.960480 -0.521964 0.560478 18.908846
0.970485 -0.531747 0.560949 19.103744
0.980490 -0.541511 0.561542 19.298648
0.990495 -0.551253 0.562256 19.493558
1.000500 -0.560967 0.563091 19.688476
1.010505 -0.570650 0.564046 19.883404
1.020510 -0.580298 0.565119 20.078343
1.030515 -0.589905 0.566310 20.273294
1.040520 -0.599469 0.567617 20.468258
1.050525 -0.608984 0.569040 20.663237
1.060530 -0.618447 0.570575 20.858233
1.070535 -0.627854 0.572223 21.053246
1.080540 -0.637200 0.573982 21.248279
1.090545 -0.646482 0.575849 21.443333
1.100550 -0.655695 0.577822 21.638409
1.110555 -0.664835 0.579900 21.833509
1.120560 -0.673899 0.582081 22.028635
1.130565 -0.682883 0.584362 22.223788
1.140570 -0.691782 0.586740 22.418970
1.150575 -0.700593 0.589214 22.614183
1.160580 -0.709313 0.591781 22.809429
1.170585 -0.717937 0.594438 23.004710
1.180590 -0.726462 0.597183 23.200026
1.190595 -0.734884 0.600012 23.395381
1.200600 -0.743199 0.602923 23.590776
1.210605 -0.751405 0.605913 23.786214
1.220610 -0.759498 0.608978 23.981695
1.230615 -0.767474 0.612116 24.177223
1.240620 -0.775331 0.615322 24.372799
1.250625 -0.783064 0.618595 24.568425
1.260630 -0.790671 0.621929 24.764104
1.270635 -0.798148 0.625323 24.959838
1.280640 -0.805494 0.628771 25.155629
1.290645 -0.812704 0.632272 25.351478
1.300650 -0.819776 0.635820 25.547389
1.310655 -0.826708 0.639412 25.743364
1.320660 -0.833496 0.643044 25.939403
1.330665 -0.840139 0.646712 26.135511
1.340670 -0.846633 0.650413 26.331689
1.350675 -0.852977 0.654142 26.527939
1.360680 -0.859168 0.657895 26.724263
1.370685 -0.865204 0.661668 26.920664
1.380690 -0.871083 0.665458 27.117143
1.390695 -0.876804 0.669259 27.313702
1.400700 -0.882365 0.673068 27.510345
1.410705 -0.887764 0.676879 27.707071
1.420710 -0.893000 0.680690 27.903884
1.430715 -0.898071 0.684496 28.100786
1.440720 -0.902977 0.688292 28.297777
1.450725 -0.907717 0.692074 28.494859
1.460730 -0.912290 0.695837 28.692035
1.470735 -0.916695 0.699578 28.889305
1.480740 -0.920933 0.703292 29.086671
1.490745 -0.925002 0.706974 29.284133
1.500750 -0.928904 0.710620 29.481694
1.510755 -0.932637 0.714226 29.679353
1.520760 -0.936204 0.717787 29.877112
1.530765 -0.939605 0.721299 30.074971
1.540770 -0.942839 0.724758 30.272931
1.550775 -0.945910 0.728160 30.470991
1.560780 -0.948818 0.731500 30.669152
1.570785 -0.951565 0.734774 30.867414
1.580790 -0.954152 0.737978 31.065776
1.590795 -0.956583 0.741107 31.264237
1.600800 -0.958860 0.744159 31.462797
1.610805 -0.960985 0.747128 31.661455
1.620810 -0.962961 0.750012 31.860210
1.630815 -0.964792 0.752806 32.059059
1.640820 -0.966482 0.755506 32.258002
1.650825 -0.968034 0.758109 32.457036
1.660830 -0.969452 0.760612 32.656159
1.670835 -0.970741 0.763010 32.855368
1.680840 -0.971906 0.765302 33.054661
1.690845 -0.972952 0.767483 33.254035
1.700850 -0.973883 0.769550 33.453487
1.710855 -0.974706 0.771502 33.653013
1.720860 -0.975426 0.773334 33.852609
1.730865 -0.976049 0.775045 34.052273
1.740870 -0.976582 0.776632 34.251998
1.750875 -0.977031 0.778093 34.451782
1.760880 -0.977402 0.779426 34.651620
1.770885 -0.977703 0.780628 34.851508
1.780890 -0.977941 0.781698 35.051439
1.790895 -0.978122 0.782635 35.251410
1.800900 -0.978255 0.783437 35.451415
1.810905 -0.978346 0.784103 35.651450
1.820910 -0.978404 0.784632 35.851508
1.830915 -0.978435 0.785024 36.051584
1.840920 -0.978449 0.785277 36.251673
1.850925 -0.978452 0.785391 36.451770
1.860930 -0.978452 0.785366 36.651868
1.870935 -0.978458 0.785203 36.851963
1.880940 -0.978477 0.784901 37.052048
1.890945 -0.978517 0.784461 37.252118
1.900950 -0.978585 0.783884 37.452169
1.910955 -0.978690 0.783170 37.652193
1.920960 -0.978839 0.782320 37.852187
1.930965 -0.979040 0.781336 38.052145
1.940970 -0.979299 0.780219 38.252061
1.950975 -0.979624 0.778970 38.451931
1.960980 -0.980022 0.777592 38.651751
1.970985 -0.980499 0.776087 38.851515
1.980990 -0.981064 0.774456 39.051219
1.990995 -0.981720 0.772701 39.250859
2.001001 -0.982476 0.770827 39.450431
2.011006 -0.983337 0.768834 39.649931
2.021011 -0.984308 0.766726 39.849356
2.031016 -0.985395 0.764505 40.048702
2.041021 -0.986603 0.762176 40.247966
2.051026 -0.987937 0.759740 40.447145
2.061031 -0.989402 0.757202 40.646237
2.071036 -0.991002 0.754564 40.845239
2.081041 -0.992741 0.751830 41.044149
2.091046 -0.994623 0.749004 41.242965
2.101051 -0.996652 0.746090 41.441685
2.111056 -0.998830 0.743091 41.640309
2.121061 -1.001160 0.740012 41.838834
2.131066 -1.003646 0.736855 42.037261
2.141071 -1.006290 0.733626 42.235587
2.151076 -1.009093 0.730329 42.433814
2.161081 -1.012059 0.726966 42.631939
2.171086 -1.015187 0.723544 42.829964
2.181091 -1.018480 0.720066 43.027888
2.191096 -1.021939 0.716536 43.225712
2.201101 -1.025565 0.712958 43.423435
2.211106 -1.029358 0.709337 43.621060
2.221111 -1.033318 0.705678 43.818586
2.231116 -1.037447 0.701984 44.016014
2.241121 -1.041744 0.698261 44.213346
2.251126 -1.046208 0.694511 44.410582
2.261131 -1.050840 0.690741 44.607725
2.271136 -1.055639 0.686954 44.804775
2.281141 -1.060603 0.683154 45.001734
2.291146 -1.065733 0.679346 45.198604
2.301151 -1.071026 0.675534 45.395386
2.311156 -1.076483 0.671723 45.592083
2.321161 -1.082100 0.667916 45.788696
2.331166 -1.087877 0.664119 45.985227
2.341171 -1.093812 0.660335 46.181678
2.351176 -1.099903 0.656568 46.378051
2.361181 -1.106148 0.652823 46.574349
2.371186 -1.112545 0.649103 46.770573
2.381191 -1.119092 0.645414 46.966726
2.391196 -1.125786 0.641758 47.162810
2.401201 -1.132626 0.638139 47.358826
2.411206 -1.139607 0.634562 47.554778
2.421211 -1.146728 0.631031 47.750667
2.431216 -1.153987 0.627548 47.946495
2.441221 -1.161379 0.624119 48.142266
2.451226 -1.168903 0.620746 48.337980
2.461231 -1.176555 0.617433 48.533640
2.471236 -1.184332 0.614183 48.729249
2.481241 -1.192231 0.611000 48.924807
2.491246 -1.200248 0.607888 49.120319
2.501251 -1.208381 0.604849 49.315784
2.511256 -1.216626 0.601887 49.511207
2.521261 -1.224980 0.599004 49.706587
2.531266 -1.233439 0.596205 49.901928
2.541271 -1.241999 0.593491 50.097232
2.551276 -1.250657 0.590865 50.292500
2.561281 -1.259409 0.588330 50.487734
2.571286 -1.268252 0.585890 50.682936
2.581291 -1.277182 0.583545 50.878108
2.591296 -1.286194 0.581300 51.073251
2.601301 -1.295286 0.579155 51.268368
2.611306 -1.304452 0.577114 51.463459
2.621311 -1.313690 0.575178 51.658527
2.631316 -1.322995 0.573349 51.853573
2.641321 -1.332363 0.571629 52.048599
2.651326 -1.341790 0.570021 52.243606
2.661331 -1.351272 0.568525 52.438596
2.671336 -1.360804 0.567143 52.633570
2.681341 -1.370384 0.565876 52.828529
2.691346 -1.380006 0.564727 53.023475
2.701351 -1.389667 0.563695 53.218410
2.711356 -1.399361 0.562783 53.413334
2.721361 -1.409086 0.561990 53.608250
2.731366 -1.418836 0.561319 53.803158
2.741371 -1.428607 0.560769 53.998059
2.751376 -1.438396 0.560341 54.192956
2.761381 -1.448198 0.560035 54.387848
2.771386 -1.458008 0.559852 54.582738
2.781391 -1.467822 0.559793 54.777627
2.791396 -1.477636 0.559856 54.972516
2.801401 -1.487446 0.560042 55.167406
2.811406 -1.497247 0.560351 55.362299
2.821411 -1.507035 0.560783 55.557196
2.831416 -1.516806 0.561337 55.752097
2.841421 -1.526555 0.562012 55.947005
2.851426 -1.536279 0.562808 56.141921
2.861431 -1.545973 0.563724 56.336846
2.871436 -1.555632 0.564759 56.531781
2.881441 -1.565253 0.565912 56.726728
2.891446 -1.574831 0.567182 56.921687
2.901451 -1.584363 0.568567 57.116662
2.911456 -1.593843 0.570066 57.311652
2.921461 -1.603269 0.571678 57.506659
2.931466 -1.612635 0.573401 57.701685
2.941471 -1.621938 0.575233 57.896732
2.951476 -1.631173 0.577172 58.091801
2.961481 -1.640338 0.579217 58.286893
2.971486 -1.649427 0.581364 58.482010
2.981491 -1.658437 0.583613 58.677155
2.991496 -1.667364 0.585960 58.872327
3.001501 -1.676204 0.588404 59.067530
3.011506 -1.684954 0.590941 59.262765
3.021511 -1.693609 0.593569 59.458034
3.031516 -1.702166 0.596286 59.653339
3.041521 -1.710622 0.599088 59.848681
3.051526 -1.718973 0.601973 60.044063
3.061531 -1.727214 0.604937 60.239487
3.071536 -1.735344 0.607978 60.434954
3.081541 -1.743358 0.611093 60.630466
3.091546 -1.751254 0.614277 60.826026
3.101551 -1.759027 0.617529 61.021636
3.111556 -1.766675 0.620844 61.217298
3.121561 -1.774195 0.624219 61.413014
3.131566 -1.781584 0.627650 61.608786
3.141571 -1.788838 0.631134 61.804616
3.151576 -1.795955 0.634667 62.000507
3.161581 -1.802933 0.638245 62.196461
3.171586 -1.809768 0.641864 62.392479
3.181591 -1.816458 0.645521 62.588565
3.191596 -1.823000 0.649212 62.784719
3.201601 -1.829393 0.652932 62.980946
3.211606 -1.835633 0.656678 63.177246
3.221611 -1.841720 0.660446 63.373621
3.231616 -1.847650 0.664230 63.570075
3.241621 -1.853423 0.668028 63.766608
3.251626 -1.859035 0.671835 63.963223
3.261631 -1.864487 0.675646 64.159923
3.271636 -1.869775 0.679458 64.356708
3.281641 -1.874900 0.683265 64.553580
3.291646 -1.879860 0.687065 64.750542
3.301651 -1.884654 0.690852 64.947595
3.311656 -1.889281 0.694622 65.144740
3.321661 -1.893740 0.698370 65.341979
3.331666 -1.898032 0.702093 65.539314
3.341671 -1.902156 0.705786 65.736745
3.351676 -1.906111 0.709444 65.934274
3.361681 -1.909900 0.713064 66.131901
3.371686 -1.913520 0.716640 66.329628
3.381691 -1.916974 0.720169 66.527454
3.391696 -1.920263 0.723645 66.725381
3.401701 -1.923386 0.727066 66.923409
3.411706 -1.926347 0.730426 67.121538
3.421711 -1.929145 0.733722 67.319767
3.431716 -1.931784 0.736949 67.518096
3.441721 -1.934266 0.740103 67.716526
3.451726 -1.936592 0.743180 67.915054
3.461731 -1.938765 0.746177 68.113680
3.471736 -1.940789 0.749089 68.312404
3.481741 -1.942667 0.751912 68.511223
3.491746 -1.944402 0.754643 68.710135
3.501751 -1.945998 0.757278 68.909140
3.511756 -1.947459 0.759813 69.108234
3.521761 -1.948790 0.762246 69.307416
3.531766 -1.949994 0.764572 69.506682
3.541771 -1.951078 0.766789 69.706031
3.551776 -1.952046 0.768894 69.905458
3.561781 -1.952903 0.770883 70.104960
3.571786 -1.953656 0.772755 70.304534
3.581791 -1.954310 0.774505 70.504176
3.591796 -1.954871 0.776133 70.703882
3.601801 -1.955346 0.777634 70.903648
3.611806 -1.955742 0.779009 71.103469
3.621811 -1.956065 0.780253 71.303341
3.631816 -1.956322 0.781366 71.503258
3.641821 -1.956521 0.782347 71.703217
3.651826 -1.956669 0.783192 71.903212
3.661831 -1.956773 0.783903 72.103237
3.671836 -1.956840 0.784476 72.303288
3.681841 -1.956879 0.784912 72.503359
3.691846 -1.956898 0.785210 72.703445
3.701851 -1.956903 0.785369 72.903539
3.711856 -1.956904 0.785390 73.103638
3.721861 -1.956907 0.785271 73.303734
3.731866 -1.956921 0.785014 73.503823
3.741871 -1.956953 0.784619 73.703899
3.751876 -1.957011 0.784086 73.903956
3.761881 -1.957104 0.783415 74.103990
3.771886 -1.957238 0.782609 74.303994
3.781891 -1.957421 0.781669 74.503964
3.791896 -1.957660 0.780594 74.703894
3.801901 -1.957963 0.779388 74.903780
3.811906 -1.958336 0.778052 75.103617
3.821911 -1.958788 0.776588 75.303399
3.831916 -1.959323 0.774997 75.503123
3.841921 -1.959949 0.773282 75.702784
3.851926 -1.960672 0.771446 75.902379
3.861931 -1.961498 0.769491 76.101903
3.871936 -1.962433 0.767420 76.301352
3.881941 -1.963482 0.765236 76.500724
3.891946 -1.964650 0.762941 76.700015
3.901951 -1.965943 0.760540 76.899222
3.911956 -1.967365 0.758034 77.098342
3.921961 -1.968921 0.755428 77.297373
3.931966 -1.970615 0.752725 77.496313
3.941971 -1.972450 0.749929 77.695160
3.951976 -1.974431 0.747042 77.893911
3.961981 -1.976560 0.744071 78.092566
3.971986 -1.978841 0.741017 78.291124
3.981991 -1.981277 0.737885 78.489582
3.991996 -1.983869 0.734679 78.687941
4.002001 -1.986621 0.731403 78.886200
4.012006 -1.989533 0.728061 79.084358
4.022011 -1.992609 0.724658 79.282415
4.032016 -1.995848 0.721197 79.480372
4.042021 -1.999254 0.717683 79.678228
4.052026 -2.002825 0.714120 79.875984
4.062031 -2.006564 0.710513 80.073641
4.072036 -2.010470 0.706866 80.271198
4.082041 -2.014545 0.703183 80.468658
4.092046 -2.018787 0.699469 80.666021
4.102051 -2.023197 0.695727 80.863288
4.112056 -2.027775 0.691963 81.060461
4.122061 -2.032520 0.688181 81.257541
4.132066 -2.037431 0.684384 81.454529
4.142071 -2.042507 0.680579 81.651428
4.152076 -2.047748 0.676768 81.848238
4.162081 -2.053151 0.672956 82.044963
4.172086 -2.058717 0.669147 82.241602
4.182091 -2.064442 0.665346 82.438160
4.192096 -2.070326 0.661557 82.634636
4.202101 -2.076367 0.657785 82.831035
4.212106 -2.082563 0.654032 83.027357
4.222111 -2.088911 0.650304 83.223605
4.232116 -2.095409 0.646604 83.419780
4.242121 -2.102056 0.642937 83.615886
4.252126 -2.108849 0.639305 83.811924
4.262131 -2.115785 0.635715 84.007896
4.272136 -2.122861 0.632168 84.203805
4.282141 -2.130075 0.628669 84.399653
4.292146 -2.137425 0.625222 84.595442
4.302151 -2.144906 0.621831 84.791174
4.312156 -2.152517 0.618498 84.986852
4.322161 -2.160254 0.615227 85.182477
4.332166 -2.168114 0.612023 85.378051
4.342171 -2.176093 0.608887 85.573578
4.352176 -2.184189 0.605824 85.769058
4.362181 -2.192398 0.602837 85.964494
4.372186 -2.200717 0.599928 86.159888
4.382191 -2.209142 0.597101 86.355242
4.392196 -2.217670 0.594359 86.550557
4.402201 -2.226297 0.591705 86.745836
4.412206 -2.235019 0.589140 86.941081
4.422211 -2.243833 0.586669 87.136293
4.432216 -2.252735 0.584293 87.331475
4.442221 -2.261721 0.582015 87.526627
4.452226 -2.270787 0.579838 87.721752
4.462231 -2.279930 0.577763 87.916852
4.472236 -2.289145 0.575792 88.111927
4.482241 -2.298429 0.573929 88.306980
4.492246 -2.307777 0.572174 88.502012
4.502251 -2.317185 0.570529 88.697025
4.512256 -2.326650 0.568996 88.892020
4.522261 -2.336167 0.567577 89.086999
4.532266 -2.345732 0.566273 89.281963
4.542271 -2.355340 0.565086 89.476913
4.552276 -2.364989 0.564016 89.671852
4.562281 -2.374673 0.563065 89.866779
4.572286 -2.384388 0.562234 90.061697
4.582291 -2.394131 0.561523 90.256607
4.592296 -2.403896 0.560933 90.451511
4.602301 -2.413679 0.560466 90.646409
4.612306 -2.423477 0.560120 90.841303
4.622311 -2.433285 0.559898 91.036193
4.632316 -2.443098 0.559798 91.231083
4.642321 -2.452913 0.559822 91.425971
4.652326 -2.462724 0.559969 91.620861
4.662331 -2.472529 0.560238 91.815753
4.672336 -2.482322 0.560630 92.010648
4.682341 -2.492099 0.561144 92.205548
4.692346 -2.501855 0.561780 92.400454
4.702351 -2.511588 0.562537 92.595367
4.712356 -2.521292 0.563414 92.790288
4.722361 -2.530963 0.564411 92.985220
4.732366 -2.540597 0.565526 93.180163
4.742371 -2.550189 0.566758 93.375118
4.752376 -2.559736 0.568106 93.570087
4.762381 -2.569234 0.569569 93.765072
4.772386 -2.578677 0.571144 93.960074
4.782391 -2.588063 0.572831 94.155094
4.792396 -2.597387 0.574628 94.350134
4.802401 -2.606645 0.576533 94.545195
4.812406 -2.615832 0.578544 94.740280
4.822411 -2.624946 0.580658 94.935389
4.832416 -2.633982 0.582874 95.130524
4.842421 -2.642937 0.585190 95.325687
4.852426 -2.651805 0.587603 95.520880
4.862431 -2.660585 0.590110 95.716105
4.872436 -2.669271 0.592709 95.911363
4.882441 -2.677860 0.595397 96.106656
4.892446 -2.686349 0.598172 96.301986
4.902451 -2.694734 0.601030 96.497354
4.912456 -2.703012 0.603969 96.692764
4.922461 -2.711178 0.606986 96.888217
4.932466 -2.719230 0.610077 97.083714
4.942471 -2.727164 0.613240 97.279259
4.952476 -2.734977 0.616470 97.474853
4.962481 -2.742666 0.619765 97.670497
4.972486 -2.750228 0.623120 97.866196
4.982491 -2.757660 0.626534 98.061949
4.992496 -2.764958 0.630001 98.257760
5.002501 -2.772119 0.633518 98.453631
5.012506 -2.779142 0.637082 98.649564
5.022511 -2.786024 0.640689 98.845562
5.032516 -2.792761 0.644334 99.041625
5.042521 -2.799351 0.648015 99.237757
5.052526 -2.805793 0.651726 99.433960
5.062531 -2.812083 0.655464 99.630236
5.072536 -2.818219 0.659225 99.826587
5.082541 -2.824200 0.663004 100.023015
5.092546 -2.830024 0.666798 100.219522
5.102551 -2.835689 0.670602 100.416111
5.112556 -2.841192 0.674413 100.612783
5.122561 -2.846534 0.678225 100.809540
5.132566 -2.851712 0.682034 101.006384
5.142571 -2.856725 0.685837 101.203317
5.152576 -2.861573 0.689628 101.400340
5.162581 -2.866254 0.693404 101.597455
5.172586 -2.870767 0.697160 101.794664
5.182591 -2.875113 0.700892 101.991967
5.192596 -2.879292 0.704595 102.189367
5.202601 -2.883302 0.708265 102.386864
5.212606 -2.887144 0.711897 102.584459
5.222611 -2.890819 0.715488 102.782154
5.232616 -2.894327 0.719032 102.979948
5.242621 -2.897669 0.722526 103.177843
5.252626 -2.900845 0.725966 103.375838
5.262631 -2.903858 0.729346 103.573934
5.272636 -2.906709 0.732663 103.772130
5.282641 -2.909400 0.735913 103.970427
5.292646 -2.911932 0.739091 104.168824
5.302651 -2.914308 0.742193 104.367321
5.312656 -2.916530 0.745216 104.565916
5.322661 -2.918603 0.748156 104.764608
5.332666 -2.920527 0.751008 104.963396
5.342671 -2.922308 0.753769 105.162279
5.352676 -2.923949 0.756436 105.361254
5.362681 -2.925453 0.759004 105.560319
5.372686 -2.926825 0.761470 105.759473
5.382691 -2.928070 0.763831 105.958712
5.392696 -2.929192 0.766084 106.158034
5.402701 -2.930197 0.768226 106.357436
5.412706 -2.931089 0.770253 106.556914
5.422711 -2.931875 0.772162 106.756466
5.432716 -2.932560 0.773952 106.956086
5.442721 -2.933151 0.775620 107.155772
5.452726 -2.933654 0.777162 107.355519
5.462731 -2.934074 0.778578 107.555322
5.472736 -2.934420 0.779865 107.755178
5.482741 -2.934698 0.781021 107.955082
5.492746 -2.934915 0.782044 108.155028
5.502751 -2.935078 0.782934 108.355011
5.512756 -2.935195 0.783688 108.555027
5.522761 -2.935274 0.784306 108.755071
5.532766 -2.935321 0.784786 108.955136
5.542771 -2.935345 0.785129 109.155217
5.552776 -2.935354 0.785333 109.355310
5.562781 -2.935355 0.785398 109.555407
5.572786 -2.935357 0.785325 109.755505
5.582791 -2.935366 0.785112 109.955597
5.592796 -2.935392 0.784762 110.155678
5.602801 -2.935441 0.784273 110.355742
5.612806 -2.935522 0.783647 110.555784
5.622811 -2.935641 0.782885 110.755798
5.632816 -2.935807 0.781988 110.955779
5.642821 -2.936028 0.780957 111.155723
5.652826 -2.936309 0.779793 111.355624
5.662831 -2.936659 0.778499 111.555477
5.672836 -2.937085 0.777075 111.755277
5.682841 -2.937592 0.775525 111.955021
5.692846 -2.938188 0.773850 112.154703
5.702851 -2.938879 0.772054 112.354319
5.712856 -2.939671 0.770137 112.553866
5.722861 -2.940570 0.768103 112.753340
5.732866 -2.941581 0.765955 112.952737
5.742871 -2.942711 0.763696 113.152055
5.752876 -2.943963 0.761328 113.351289
5.762881 -2.945343 0.758856 113.550438
5.772886 -2.946855 0.756282 113.749498
5.782891 -2.948503 0.753610 113.948468
5.792896 -2.950293 0.750843 114.147345
5.802901 -2.952226 0.747986 114.346127
5.812906 -2.954307 0.745041 114.544814
5.822911 -2.956538 0.742013 114.743403
5.832916 -2.958924 0.738906 114.941894
5.842921 -2.961465 0.735724 115.140285
5.852926 -2.964165 0.732470 115.338576
5.862931 -2.967025 0.729149 115.536767
5.872936 -2.970047 0.725765 115.734857
5.882941 -2.973234 0.722323 115.932846
5.892946 -2.976585 0.718826 116.130734
5.902951 -2.980103 0.715278 116.328523
5.912956 -2.983788 0.711685 116.526211
5.922961 -2.987640 0.708050 116.723801
5.932966 -2.991660 0.704378 116.921292
5.942971 -2.995848 0.700674 117.118686
5.952976 -3.000204 0.696940 117.315984
5.962981 -3.004727 0.693183 117.513188
5.972986 -3.009418 0.689406 117.710297
5.982991 -3.014275 0.685614 117.907315
5.992996 -3.019298 0.681811 118.104243
6.003002 -3.024486 0.678001 118.301081
6.013007 -3.029837 0.674189 118.497833
6.023012 -3.035350 0.670379 118.694500
6.033017 -3.041024 0.666575 118.891084
6.043022 -3.046857 0.662782 119.087587
6.053027 -3.052848 0.659003 119.284010
6.063032 -3.058993 0.655244 119.480357
6.073037 -3.065292 0.651507 119.676628
6.083042 -3.071742 0.647798 119.872827
6.093047 -3.078341 0.644119 120.068955
6.103052 -3.085087 0.640476 120.265015
6.113057 -3.091977 0.636872 120.461008
6.123062 -3.099008 0.633311 120.656937
6.133067 -3.106178 0.629796 120.852805
6.143072 -3.113484 0.626332 121.048612
6.153077 -3.120923 0.622922 121.244363
6.163082 -3.128492 0.619569 121.440058
6.173087 -3.136189 0.616278 121.635699
6.183092 -3.144009 0.613052 121.831290
6.193097 -3.151950 0.609894 122.026832
6.203102 -3.160009 0.606807 122.222327
6.213107 -3.168182 0.603795 122.417777
6.223112 -3.176466 0.600860 122.613184
6.233117 -3.184857 0.598007 122.808551
6.243122 -3.193352 0.595237 123.003878
6.253127 -3.201947 0.592554 123.199169
6.263132 -3.210639 0.589960 123.394425
6.273137 -3.219424 0.587458 123.589647
6.283142 -3.228297 0.585051 123.784839
6.293147 -3.237257 0.582742 123.980000
6.303152 -3.246297 0.580531 124.175134
6.313157 -3.255416 0.578423 124.370242
6.323162 -3.264608 0.576418 124.565325
6.333167 -3.273870 0.574520 124.760385
6.343172 -3.283197 0.572729 124.955423
6.353177 -3.292586 0.571049 125.150442
6.363182 -3.302033 0.569480 125.345443
6.373187 -3.311534 0.568024 125.540427
6.383192 -3.321084 0.566682 125.735395
6.393197 -3.330679 0.565457 125.930350
6.403202 -3.340315 0.564349 126.125292
6.413207 -3.349988 0.563360 126.320223
6.423212 -3.359693 0.562489 126.515144
6.433217 -3.369428 0.561740 126.710057
6.443222 -3.379186 0.561111 126.904962
6.453227 -3.388964 0.560604 127.099862
6.463232 -3.398757 0.560219 127.294757
6.473237 -3.408562 0.559957 127.489648
6.483242 -3.418374 0.559817 127.684538
6.493247 -3.428189 0.559801 127.879427
6.503252 -3.438002 0.559908 128.074316
6.513257 -3.447809 0.560137 128.269207
6.523262 -3.457606 0.560490 128.464101
6.533267 -3.467389 0.560965 128.658999
6.543272 -3.477153 0.561561 128.853903
6.553277 -3.486894 0.562279 129.048813
6.563282 -3.496607 0.563117 129.243732
6.573287 -3.506289 0.564076 129.438660
6.583292 -3.515936 0.565152 129.633599
6.593297 -3.525542 0.566347 129.828550
6.603302 -3.535104 0.567657 130.023515
6.613307 -3.544618 0.569083 130.218495
6.623312 -3.554080 0.570622 130.413491
6.633317 -3.563485 0.572274 130.608505
6.643322 -3.572829 0.574035 130.803538
6.653327 -3.582109 0.575905 130.998592
6.663332 -3.591319 0.577882 131.193669
6.673337 -3.600458 0.579963 131.388770
6.683342 -3.609519 0.582146 131.583897
6.693347 -3.618501 0.584430 131.779051
6.703352 -3.627397 0.586812 131.974234
6.713357 -3.636206 0.589288 132.169448
6.723362 -3.644923 0.591858 132.364695
6.733367 -3.653544 0.594518 132.559976
6.743372 -3.662066 0.597265 132.755294
6.753377 -3.670485 0.600097 132.950650
6.763382 -3.678797 0.603010 133.146046
6.773387 -3.687000 0.606002 133.341485
6.783392 -3.695089 0.609069 133.536968
6.793397 -3.703062 0.612209 133.732497
6.803402 -3.710915 0.615417 133.928074
6.813407 -3.718644 0.618692 134.123702
6.823412 -3.726247 0.622028 134.319383
6.833417 -3.733721 0.625423 134.515118
6.843422 -3.741063 0.628873 134.710911
6.853427 -3.748269 0.632375 134.906762
6.863432 -3.755337 0.635924 135.102675
6.873437 -3.762265 0.639518 135.298651
6.883442 -3.769049 0.643151 135.494693
6.893447 -3.775687 0.646820 135.690803
6.903452 -3.782177 0.650522 135.886982
6.913457 -3.788516 0.654252 136.083234
6.923462 -3.794703 0.658006 136.279561
6.933467 -3.800734 0.661779 136.475964
6.943472 -3.806609 0.665569 136.672445
6.953477 -3.812325 0.669371 136.869007
6.963482 -3.817881 0.673179 137.065652
6.973487 -3.823275 0.676991 137.262381
6.983492 -3.828506 0.680802 137.459197
6.993497 -3.833573 0.684608 137.656101
7.003502 -3.838474 0.688403 137.853094
7.013507 -3.843209 0.692184 138.050180
7.023512 -3.847777 0.695947 138.247358
7.033517 -3.852177 0.699687 138.444631
7.043522 -3.856410 0.703400 138.641999
7.053527 -3.860474 0.707081 138.839465
7.063532 -3.864371 0.710726 139.037028
7.073537 -3.868100 0.714331 139.234691
7.083542 -3.871662 0.717891 139.432452
7.093547 -3.875057 0.721402 139.630314
7.103552 -3.878287 0.724859 139.828277
7.113557 -3.881353 0.728259 140.026340
7.123562 -3.884256 0.731597 140.224504
7.133567 -3.886998 0.734869 140.422769
7.143572 -3.889581 0.738071 140.621134
7.153577 -3.892008 0.741198 140.819598
7.163582 -3.894280 0.744247 141.018161
7.173587 -3.896400 0.747214 141.216822
7.183592 -3.898372 0.750095 141.415579
7.193597 -3.900199 0.752886 141.614431
7.203602 -3.901885 0.755584 141.813377
7.213607 -3.903433 0.758184 142.012413
7.223612 -3.904847 0.760684 142.211539
7.233617 -3.906133 0.763079 142.410751
7.243622 -3.907294 0.765367 142.610046
7.253627 -3.908336 0.767545 142.809423
7.263632 -3.909264 0.769609 143.008877
7.273637 -3.910084 0.771557 143.208405
7.283642 -3.910801 0.773386 143.408003
7.293647 -3.911422 0.775094 143.607668
7.303652 -3.911952 0.776677 143.807396
7.313657 -3.912398 0.778134 144.007182
7.323662 -3.912768 0.779463 144.207021
7.333667 -3.913067 0.780661 144.406910
7.343672 -3.913303 0.781728 144.606842
7.353677 -3.913482 0.782661 144.806814
7.363682 -3.913614 0.783459 145.006820
7.373687 -3.913704 0.784121 145.206856
7.383692 -3.913760 0.784646 145.406914
7.393697 -3.913791 0.785033 145.606991
7.403702 -3.913804 0.785282 145.807080
7.413707 -3.913807 0.785392 146.007177
7.423712 -3.913808 0.785364 146.207275
7.433717 -3.913814 0.785196 146.407370
7.443722 -3.913833 0.784890 146.607455
7.453727 -3.913874 0.784446 146.807525
7.463732 -3.913943 0.783865 147.007574
7.473737 -3.914050 0.783147 147.207598
7.483742 -3.914200 0.782293 147.407591
7.493747 -3.914402 0.781305 147.607547
7.503752 -3.914663 0.780184 147.807462
7.513757 -3.914990 0.778932 148.007331
7.523762 -3.915390 0.777550 148.207149
7.533767 -3.915870 0.776040 148.406912
7.543772 -3.916437 0.774406 148.606614
7.553777 -3.917096 0.772648 148.806252
7.563782 -3.917855 0.770770 149.005822
7.573787 -3.918719 0.768774 149.205320
7.583792 -3.919693 0.766662 149.404743
7.593797 -3.920784 0.764439 149.604086
7.603802 -3.921996 0.762106 149.803348
7.613807 -3.923334 0.759667 150.002524
7.623812 -3.924803 0.757126 150.201613
7.633817 -3.926407 0.754485 150.400613
7.643822 -3.928150 0.751749 150.599520
7.653827 -3.930036 0.748920 150.798333
7.663832 -3.932069 0.746003 150.997051
7.673837 -3.934251 0.743002 151.195672
7.683842 -3.936587 0.739920 151.394194
7.693847 -3.939077 0.736762 151.592618
7.703852 -3.941725 0.733530 151.790941
7.713857 -3.944534 0.730231 151.989165
7.723862 -3.947503 0.726867 152.187287
7.733867 -3.950637 0.723443 152.385309
7.743872 -3.953935 0.719963 152.583230
7.753877 -3.957399 0.716431 152.781051
7.763882 -3.961029 0.712852 152.978772
7.773887 -3.964827 0.709231 153.176393
7.783892 -3.968793 0.705570 153.373916
7.793897 -3.972926 0.701876 153.571342
7.803902 -3.977228 0.698151 153.768670
7.813907 -3.981697 0.694401 153.965904
7.823912 -3.986334 0.690630 154.163044
7.833917 -3.991137 0.686842 154.360091
7.843922 -3.996107 0.683042 154.557048
7.853927 -4.001241 0.679234 154.753915
7.863932 -4.006540 0.675422 154.950695
7.873937 -4.012001 0.671611 155.147389
7.883942 -4.017623 0.667805 155.344000
7.893947 -4.023404 0.664008 155.540528
7.903952 -4.029344 0.660224 155.736977
7.913957 -4.035440 0.656458 155.933348
7.923962 -4.041689 0.652713 156.129644
7.933967 -4.048091 0.648995 156.325866
7.943972 -4.054642 0.645306 156.522017
7.953977 -4.061340 0.641651 156.718098
7.963982 -4.068184 0.638034 156.914113
7.973987 -4.075170 0.634458 157.110063
7.983992 -4.082295 0.630928 157.305950
7.993997 -4.089557 0.627447 157.501777
8.004002 -4.096954 0.624019 157.697545
8.014007 -4.104481 0.620648 157.893258
8.024012 -4.112137 0.617336 158.088917
8.034017 -4.119917 0.614089 158.284524
8.044022 -4.127820 0.610908 158.480081
8.054027 -4.135841 0.607798 158.675591
8.064032 -4.143977 0.604761 158.871055
8.074037 -4.152225 0.601801 159.066476
8.084042 -4.160582 0.598921 159.261856
8.094047 -4.169044 0.596124 159.457196
8.104052 -4.177607 0.593412 159.652498
8.114057 -4.186268 0.590789 159.847765
8.124062 -4.195023 0.588257 160.042998
8.134067 -4.203869 0.585820 160.238199
8.144072 -4.212801 0.583478 160.433370
8.154077 -4.221815 0.581235 160.628513
8.164082 -4.230909 0.579094 160.823629
8.174087 -4.240078 0.577055 161.018720
8.184092 -4.249317 0.575122 161.213787
8.194097 -4.258624 0.573297 161.408832
8.204102 -4.267994 0.571580 161.603858
8.214107 -4.277423 0.569975 161.798864
8.224112 -4.286906 0.568482 161.993853
8.234117 -4.296440 0.567104 162.188826
8.244122 -4.306021 0.565841 162.383785
8.254127 -4.315645 0.564695 162.578731
8.264132 -4.325306 0.563667 162.773666
8.274137 -4.335002 0.562758 162.968590
8.284142 -4.344727 0.561969 163.163505
8.294147 -4.354478 0.561301 163.358413
8.304152 -4.364250 0.560754 163.553314
8.314157 -4.374039 0.560330 163.748210
8.324162 -4.383841 0.560028 163.943103
8.334167 -4.393651 0.559849 164.137993
8.344172 -4.403465 0.559793 164.332882
8.354177 -4.413279 0.559860 164.527771
8.364182 -4.423089 0.560050 164.722661
8.374187 -4.432890 0.560362 164.917554
8.384192 -4.442678 0.560798 165.112451
8.394197 -4.452448 0.561355 165.307352
8.404202 -4.462197 0.562034 165.502261
8.414207 -4.471920 0.562833 165.697177
8.424212 -4.481612 0.563752 165.892102
8.434217 -4.491271 0.564791 166.087037
8.444222 -4.500890 0.565947 166.281984
8.454227 -4.510467 0.567221 166.476944
8.464232 -4.519997 0.568609 166.671919
8.474237 -4.529476 0.570112 166.866909
8.484242 -4.538900 0.571727 167.061917
8.494247 -4.548264 0.573453 167.256944
8.504252 -4.557565 0.575288 167.451992
8.514257 -4.566799 0.577231 167.647061
8.524262 -4.575961 0.579278 167.842154
8.534267 -4.585048 0.581429 168.037272
8.544272 -4.594056 0.583680 168.232417
8.554277 -4.602980 0.586030 168.427591
8.564282 -4.611818 0.588477 168.622794
8.574287 -4.620565 0.591017 168.818031
8.584292 -4.629217 0.593647 169.013300
8.594297 -4.637771 0.596367 169.208606
8.604302 -4.646224 0.599171 169.403950
8.614307 -4.654571 0.602059 169.599333
8.624312 -4.662810 0.605025 169.794757
8.634317 -4.670936 0.608069 169.990226
8.644322 -4.678947 0.611185 170.185740
8.654327 -4.686839 0.614372 170.381301
8.664332 -4.694609 0.617625 170.576913
8.674337 -4.702253 0.620942 170.772576
8.684342 -4.709769 0.624319 170.968294
8.694347 -4.717154 0.627751 171.164067
8.704352 -4.724404 0.631237 171.359899
8.714357 -4.731517 0.634771 171.555792
8.724362 -4.738491 0.638350 171.751747
8.734367 -4.745321 0.641971 171.947768
8.744372 -4.752007 0.645629 172.143855
8.754377 -4.758545 0.649321 172.340012
8.764382 -4.764933 0.653042 172.536241
8.774387 -4.771170 0.656789 172.732543
8.784392 -4.777252 0.660556 172.928921
8.794397 -4.783177 0.664342 173.125376
8.804402 -4.788945 0.668140 173.321912
8.814407 -4.794553 0.671947 173.518530
8.824412 -4.800000 0.675758 173.715232
8.834417 -4.805284 0.679570 173.912019
8.844422 -4.810404 0.683377 174.108894
8.854427 -4.815358 0.687176 174.305859
8.864432 -4.820147 0.690963 174.502914
8.874437 -4.824769 0.694732 174.700062
8.884442 -4.829224 0.698480 174.897304
8.894447 -4.833511 0.702202 175.094642
8.904452 -4.837630 0.705894 175.292076
8.914457 -4.841580 0.709551 175.489607
8.924462 -4.845364 0.713169 175.687238
8.934467 -4.848979 0.716744 175.884967
8.944472 -4.852429 0.720271 176.082797
8.954477 -4.855712 0.723747 176.280727
8.964482 -4.858831 0.727166 176.478757
8.974487 -4.861786 0.730524 176.676889
8.984492 -4.864580 0.733818 176.875121
8.994497 -4.867215 0.737043 177.073453
9.004502 -4.869691 0.740195 177.271885
9.014507 -4.872013 0.743270 177.470417
9.024512 -4.874182 0.746264 177.669046
9.034517 -4.876202 0.749173 177.867772
9.044522 -4.878076 0.751993 178.066594
9.054527 -4.879806 0.754721 178.265509
9.064532 -4.881398 0.757353 178.464517
9.074537 -4.882856 0.759886 178.663614
9.084542 -4.884182 0.762316 178.862798
9.094547 -4.885383 0.764639 179.062067
9.104552 -4.886463 0.766853 179.261417
9.114557 -4.887428 0.768954 179.460847
9.124562 -4.888282 0.770940 179.660351
9.134567 -4.889032 0.772808 179.859927
9.144572 -4.889683 0.774555 180.059571
9.154577 -4.890242 0.776178 180.259279
9.164582 -4.890715 0.777677 180.459046
9.174587 -4.891108 0.779047 180.658869
9.184592 -4.891429 0.780288 180.858742
9.194597 -4.891685 0.781397 181.058661
9.204602 -4.891882 0.782373 181.258621
9.214607 -4.892028 0.783215 181.458617
9.224612 -4.892130 0.783921 181.658643
9.234617 -4.892197 0.784491 181.858694
9.244622 -4.892236 0.784923 182.058766
9.254627 -4.892254 0.785216 182.258852
9.264632 -4.892259 0.785372 182.458947
9.274637 -4.892259 0.785388 182.659045
9.284642 -4.892263 0.785266 182.859142
9.294647 -4.892277 0.785004 183.059230
9.304652 -4.892310 0.784605 183.259306
9.314657 -4.892369 0.784068 183.459362
9.324662 -4.892463 0.783394 183.659395
9.334667 -4.892598 0.782584 183.859398
9.344672 -4.892782 0.781639 184.059367
9.354677 -4.893023 0.780561 184.259296
9.364682 -4.893328 0.779351 184.459181
9.374687 -4.893704 0.778011 184.659016
9.384692 -4.894158 0.776543 184.858796
9.394697 -4.894695 0.774948 185.058519
9.404702 -4.895324 0.773230 185.258178
9.414707 -4.896050 0.771391 185.457770
9.424712 -4.896879 0.769432 185.657292
9.434717 -4.897817 0.767358 185.856739
9.444722 -4.898870 0.765170 186.056109
9.454727 -4.900042 0.762872 186.255397
9.464732 -4.901339 0.760468 186.454602
9.474737 -4.902765 0.757959 186.653719
9.484742 -4.904324 0.755350 186.852748
9.494747 -4.906022 0.752644 187.051685
9.504752 -4.907862 0.749845 187.250529
9.514757 -4.909847 0.746956 187.449278
9.524762 -4.911981 0.743982 187.647930
9.534767 -4.914266 0.740926 187.846485
9.544772 -4.916706 0.737792 188.044940
9.554777 -4.919303 0.734584 188.243296
9.564782 -4.922059 0.731306 188.441552
9.574787 -4.924977 0.727962 188.639707
9.584792 -4.928057 0.724557 188.837762
9.594797 -4.931301 0.721095 189.035715
9.604802 -4.934711 0.717579 189.233568
9.614807 -4.938288 0.714015 189.431321
9.624812 -4.942032 0.710407 189.628975
9.634817 -4.945943 0.706758 189.826530
9.644822 -4.950022 0.703074 190.023987
9.654827 -4.954270 0.699359 190.221347
9.664832 -4.958685 0.695617 190.418611
9.674837 -4.963267 0.691852 190.615781
9.684842 -4.968017 0.688069 190.812858
9.694847 -4.972933 0.684273 191.009844
9.704852 -4.978014 0.680467 191.206740
9.714857 -4.983259 0.676656 191.403548
9.724862 -4.988668 0.672844 191.600270
9.734867 -4.994238 0.669036 191.796907
9.744872 -4.999968 0.665235 191.993462
9.754877 -5.005857 0.661447 192.189936
9.764882 -5.011902 0.657674 192.386333
9.774887 -5.018102 0.653922 192.582652
9.784892 -5.024455 0.650195 192.778898
9.794897 -5.030958 0.646496 192.975071
9.804902 -5.037609 0.642829 193.171175
9.814907 -5.044406 0.639200 193.367211
9.824912 -5.051346 0.635610 193.563182
9.834917 -5.058426 0.632065 193.759089
9.844922 -5.065644 0.628568 193.954935
9.854927 -5.072998 0.625122 194.150722
9.864932 -5.080483 0.621732 194.346453
9.874937 -5.088098 0.618401 194.542129
9.884942 -5.095838 0.615132 194.737752
9.894947 -5.103701 0.611930 194.933325
9.904952 -5.111685 0.608796 195.128850
9.914957 -5.119784 0.605735 195.324329
9.924962 -5.127997 0.602750 195.519764
9.934967 -5.136319 0.599844 195.715157
9.944972 -5.144747 0.597020 195.910509
9.954977 -5.153278 0.594280 196.105824
9.964982 -5.161907 0.591628 196.301102
9.974987 -5.170632 0.589066 196.496346
9.984992 -5.179449 0.586598 196.691557
9.994997 -5.188353 0.584225 196.886738
10.005003 -5.197342 0.581950 197.081889
10.015008 -5.206410 0.579775 197.277013
10.025013 -5.215555 0.577703 197.472112
10.035018 -5.224772 0.575736 197.667187
10.045023 -5.234058 0.573876 197.862239
10.055028 -5.243407 0.572124 198.057271
10.065033 -5.252818 0.570482 198.252283
10.075038 -5.262284 0.568953 198.447278
10.085043 -5.271802 0.567537 198.642256
10.095048 -5.281368 0.566237 198.837219
10.105053 -5.290978 0.565053 199.032169
10.115058 -5.300628 0.563986 199.227107
10.125063 -5.310313 0.563039 199.422035
10.135068 -5.320029 0.562211 199.616953
10.145073 -5.329772 0.561504 199.811863
10.155078 -5.339538 0.560918 200.006766
10.165083 -5.349322 0.560454 200.201664
10.175088 -5.359120 0.560112 200.396557
10.185093 -5.368928 0.559893 200.591448
10.195098 -5.378741 0.559797 200.786337
10.205103 -5.388556 0.559825 200.981226
10.215108 -5.398368 0.559975 201.176116
10.225113 -5.408172 0.560248 201.371008
10.235118 -5.417964 0.560643 201.565903
10.245123 -5.427741 0.561161 201.760803
10.255128 -5.437497 0.561801 201.955709
10.265133 -5.447229 0.562561 202.150622
10.275138 -5.456932 0.563442 202.345544
10.285143 -5.466601 0.564442 202.540476
10.295148 -5.476234 0.565560 202.735419
10.305153 -5.485825 0.566796 202.930375
10.315158 -5.495371 0.568147 203.125345
10.325163 -5.504867 0.569613 203.320330
10.335168 -5.514309 0.571192 203.515332
10.345173 -5.523693 0.572883 203.710353
10.355178 -5.533015 0.574683 203.905393
10.365183 -5.542271 0.576591 204.100455
10.375188 -5.551456 0.578604 204.295540
10.385193 -5.560568 0.580722 204.490650
10.395198 -5.569602 0.582941 204.685786
10.405203 -5.578554 0.585259 204.880950
10.415208 -5.587420 0.587675 205.076144
10.425213 -5.596197 0.590185 205.271370
10.435218 -5.604880 0.592786 205.466629
10.445223 -5.613466 0.595477 205.661923
10.455228 -5.621952 0.598255 205.857254
10.465233 -5.630334 0.601116 206.052624
10.475238 -5.638608 0.604057 206.248035
10.485243 -5.646771 0.607076 206.443489
10.495248 -5.654820 0.610169 206.638988
10.505253 -5.662751 0.613333 206.834534
10.515258 -5.670560 0.616566 207.030129
10.525263 -5.678246 0.619862 207.225775
10.535268 -5.685804 0.623220 207.421475
10.545273 -5.693231 0.626635 207.617230
10.555278 -5.700525 0.630103 207.813043
10.565283 -5.707683 0.633622 208.008916
10.575288 -5.714702 0.637188 208.204850
10.585293 -5.721579 0.640795 208.400850
10.595298 -5.728312 0.644442 208.596915
10.605303 -5.734898 0.648123 208.793049
10.615308 -5.741335 0.651835 208.989254
10.625313 -5.747620 0.655574 209.185533
10.635318 -5.753753 0.659335 209.381886
10.645323 -5.759729 0.663115 209.578316
10.655328 -5.765548 0.666910 209.774826
10.665333 -5.771208 0.670714 209.971417
10.675338 -5.776707 0.674524 210.168091
10.685343 -5.782044 0.678337 210.364851
10.695348 -5.787217 0.682146 210.561697
10.705353 -5.792225 0.685948 210.758632
10.715358 -5.797068 0.689739 210.955658
10.725363 -5.801744 0.693515 211.152776
10.735368 -5.806253 0.697270 211.349988
10.745373 -5.810594 0.701001 211.547294
10.755378 -5.814767 0.704703 211.744697
10.765383 -5.818772 0.708372 211.942197
10.775388 -5.822610 0.712003 212.139795
10.785393 -5.826280 0.715592 212.337492
10.795398 -5.829783 0.719136 212.535290
10.805403 -5.833120 0.722628 212.733187
10.815408 -5.836292 0.726066 212.931185
10.825413 -5.839300 0.729444 213.129284
10.835418 -5.842146 0.732759 213.327483
10.845423 -5.844832 0.736007 213.525783
10.855428 -5.847359 0.739183 213.724183
10.865433 -5.849731 0.742283 213.922683
10.875438 -5.851949 0.745304 214.121280
10.885443 -5.854017 0.748241 214.319976
10.895448 -5.855937 0.751091 214.518766
10.905453 -5.857714 0.753849 214.717652
10.915458 -5.859350 0.756513 214.916630
10.925463 -5.860850 0.759078 215.115698
10.935468 -5.862219 0.761541 215.314854
10.945473 -5.863460 0.763899 215.514096
10.955478 -5.864579 0.766149 215.713420
10.965483 -5.865580 0.768287 215.912824
10.975488 -5.866469 0.770310 216.112305
10.985493 -5.867252 0.772217 216.311858
10.995498 -5.867935 0.774003 216.511481
11.005503 -5.868523 0.775667 216.711168
11.015508 -5.869022 0.777206 216.910917
11.025513 -5.869441 0.778618 217.110722
11.035518 -5.869785 0.779901 217.310579
11.045523 -5.870060 0.781053 217.510484
11.055528 -5.870276 0.782072 217.710431
11.065533 -5.870437 0.782958 217.910416
11.075538 -5.870553 0.783708 218.110433
11.085543 -5.870631 0.784322 218.310477
11.095548 -5.870678 0.784798 218.510543
11.105553 -5.870701 0.785137 218.710624
11.115558 -5.870710 0.785337 218.910717
11.125563 -5.870711 0.785398 219.110815
11.135568 -5.870712 0.785320 219.310913
11.145573 -5.870722 0.785104 219.511004
11.155578 -5.870748 0.784749 219.711085
11.165583 -5.870798 0.784257 219.911148
11.175588 -5.870880 0.783627 220.111189
11.185593 -5.871001 0.782861 220.311202
11.195598 -5.871169 0.781959 220.511183
11.205603 -5.871390 0.780924 220.711125
11.215608 -5.871674 0.779757 220.911025
11.225613 -5.872026 0.778459 221.110876
11.235618 -5.872454 0.777032 221.310675
11.245623 -5.872964 0.775478 221.510417
11.255628 -5.873562 0.773799 221.710097
11.265633 -5.874256 0.771999 221.909711
11.275638 -5.875051 0.770079 222.109256
11.285643 -5.875953 0.768042 222.308728
11.295648 -5.876968 0.765890 222.508123
11.305653 -5.878101 0.763628 222.707438
11.315658 -5.879357 0.761257 222.906670
11.325663 -5.880741 0.758782 223.105816
11.335668 -5.882257 0.756205 223.304874
11.345673 -5.883909 0.753530 223.503841
11.355678 -5.885703 0.750761 223.702715
11.365683 -5.887640 0.747901 223.901495
11.375688 -5.889726 0.744954 224.100178
11.385693 -5.891962 0.741923 224.298765
11.395698 -5.894351 0.738814 224.497252
11.405703 -5.896897 0.735629 224.695641
11.415708 -5.899602 0.732374 224.893929
11.425713 -5.902467 0.729051 225.092117
11.435718 -5.905494 0.725665 225.290204
11.445723 -5.908685 0.722221 225.488190
11.455728 -5.912042 0.718722 225.686075
11.465733 -5.915564 0.715173 225.883861
11.475738 -5.919254 0.711579 226.081547
11.485743 -5.923111 0.707943 226.279133
11.495748 -5.927136 0.704270 226.476622
11.505753 -5.931329 0.700564 226.674013
11.515758 -5.935690 0.696830 226.871308
11.525763 -5.940218 0.693072 227.068509
11.535768 -5.944914 0.689295 227.265616
11.545773 -5.949776 0.685502 227.462631
11.555778 -5.954804 0.681699 227.659556
11.565783 -5.959996 0.677889 227.856392
11.575788 -5.965352 0.674077 228.053141
11.585793 -5.970870 0.670267 228.249806
11.595798 -5.976549 0.666464 228.446387
11.605803 -5.982386 0.662671 228.642887
11.615808 -5.988381 0.658893 228.839309
11.625813 -5.994531 0.655134 229.035653
11.635818 -6.000835 0.651398 229.231922
11.645823 -6.007289 0.647689 229.428119
11.655828 -6.013893 0.644012 229.624245
11.665833 -6.020643 0.640370 229.820302
11.675838 -6.027537 0.636767 230.016294
11.685843 -6.034572 0.633207 230.212221
11.695848 -6.041746 0.629694 230.408087
11.705853 -6.049056 0.626231 230.603893
11.715858 -6.056499 0.622823 230.799642
11.725863 -6.064072 0.619472 230.995335
11.735868 -6.071772 0.616183 231.190975
11.745873 -6.079596 0.612958 231.386564
11.755878 -6.087541 0.609802 231.582105
11.765883 -6.095603 0.606717 231.777598
11.775888 -6.103779 0.603708 231.973047
11.785893 -6.112066 0.600775 232.168453
11.795898 -6.120460 0.597924 232.363819
11.805903 -6.128958 0.595157 232.559145
11.815908 -6.137556 0.592476 232.754435
11.825913 -6.146251 0.589885 232.949690
11.835918 -6.155038 0.587386 233.144911
11.845923 -6.163915 0.584982 233.340102
11.855928 -6.172876 0.582675 233.535262
11.865933 -6.181919 0.580468 233.730395
11.875938 -6.191040 0.578362 233.925502
11.885943 -6.200234 0.576361 234.120584
11.895948 -6.209498 0.574466 234.315644
11.905953 -6.218827 0.572679 234.510682
11.915958 -6.228218 0.571001 234.705700
11.925963 -6.237667 0.569435 234.900701
11.935968 -6.247169 0.567983 235.095684
11.945973 -6.256720 0.566645 235.290652
11.955978 -6.266316 0.565423 235.485606
11.965983 -6.275954 0.564318 235.680548
11.975988 -6.285628 0.563332 235.875479
11.985993 -6.295334 0.562466 236.070399
11.995998 -6.305069 0.561719 236.265312
12.006003 -6.314828 0.561094 236.460217
12.016008 -6.324606 0.560591 236.655116
12.026013 -6.334400 0.560209 236.850011
12.036018 -6.344206 0.559951 237.044903
12.046023 -6.354018 0.559815 237.239792
12.056028 -6.363833 0.559802 237.434681
12.066033 -6.373646 0.559913 237.629570
12.076038 -6.383453 0.560146 237.824461
12.086043 -6.393249 0.560502 238.019356
12.096048 -6.403031 0.560980 238.214254
12.106053 -6.412795 0.561580 238.409158
12.116058 -6.422535 0.562302 238.604069
12.126063 -6.432247 0.563144 238.798988
12.136068 -6.441928 0.564105 238.993916
12.146073 -6.451574 0.565186 239.188855
12.156078 -6.461179 0.566383 239.383807
12.166083 -6.470740 0.567698 239.578772
12.176088 -6.480252 0.569127 239.773752
12.186093 -6.489712 0.570669 239.968749
12.196098 -6.499115 0.572324 240.163763
12.206103 -6.508458 0.574088 240.358797
12.216108 -6.517735 0.575962 240.553852
12.226113 -6.526944 0.577941 240.748930
12.236118 -6.536080 0.580025 240.944031
12.246123 -6.545140 0.582212 241.139159
12.256128 -6.554118 0.584499 241.334313
12.266133 -6.563013 0.586883 241.529498
12.276138 -6.571819 0.589362 241.724713
12.286143 -6.580533 0.591935 241.919960
12.296148 -6.589151 0.594597 242.115243
12.306153 -6.597670 0.597347 242.310562
12.316158 -6.606086 0.600181 242.505919
12.326163 -6.614395 0.603097 242.701316
12.336168 -6.622595 0.606091 242.896756
12.346173 -6.630680 0.609160 243.092240
12.356178 -6.638650 0.612302 243.287771
12.366183 -6.646499 0.615513 243.483350
12.376188 -6.654225 0.618789 243.678979
12.386193 -6.661824 0.622127 243.874662
12.396198 -6.669294 0.625524 244.070399
12.406203 -6.676632 0.628975 244.266193
12.416208 -6.683834 0.632479 244.462046
12.426213 -6.690898 0.636029 244.657960
12.436218 -6.697821 0.639624 244.853938
12.446223 -6.704601 0.643258 245.049982
12.456228 -6.711235 0.646928 245.246094
12.466233 -6.717720 0.650631 245.442276
12.476238 -6.724055 0.654362 245.638530
12.486243 -6.730237 0.658116 245.834859
12.496248 -6.736264 0.661891 246.031264
12.506253 -6.742134 0.665681 246.227748
12.516258 -6.747846 0.669482 246.424312
12.526263 -6.753397 0.673291 246.620959
12.536268 -6.758787 0.677103 246.817691
12.546273 -6.764013 0.680914 247.014509
12.556278 -6.769075 0.684719 247.211416
12.566283 -6.773971 0.688514 247.408412
12.576288 -6.778701 0.692295 247.605500
12.586293 -6.783264 0.696057 247.802681
12.596298 -6.787660 0.699797 247.999957
12.606303 -6.791887 0.703509 248.197328
12.616308 -6.795947 0.707189 248.394796
12.626313 -6.799838 0.710833 248.592363
12.636318 -6.803562 0.714436 248.790028
12.646323 -6.807119 0.717995 248.987793
12.656328 -6.810510 0.721504 249.185658
12.666333 -6.813735 0.724960 249.383623
12.676338 -6.816796 0.728358 249.581689
12.686343 -6.819694 0.731694 249.779856
12.696348 -6.822432 0.734964 249.978124
12.706353 -6.825010 0.738164 250.176492
12.716358 -6.827432 0.741289 250.374959
12.726363 -6.829700 0.744336 250.573525
12.736368 -6.831816 0.747300 250.772189
12.746373 -6.833783 0.750178 250.970949
12.756378 -6.835606 0.752967 251.169804
12.766383 -6.837287 0.755661 251.368752
12.776388 -6.838831 0.758259 251.567791
12.786393 -6.840242 0.760755 251.766919
12.796398 -6.841524 0.763148 251.966133
12.806403 -6.842682 0.765433 252.165431
12.816408 -6.843720 0.767607 252.364810
12.826413 -6.844645 0.769668 252.564266
12.836418 -6.845462 0.771613 252.763796
12.846423 -6.846176 0.773438 252.963397
12.856428 -6.846794 0.775142 253.163064
12.866433 -6.847322 0.776722 253.362793
12.876438 -6.847766 0.778175 253.562581
12.886443 -6.848133 0.779500 253.762422
12.896448 -6.848430 0.780694 253.962312
12.906453 -6.848664 0.781757 254.162246
12.916458 -6.848842 0.782686 254.362219
12.926463 -6.848972 0.783480 254.562226
12.936468 -6.849061 0.784138 254.762262
12.946473 -6.849117 0.784659 254.962321
12.956478 -6.849147 0.785042 255.162398
12.966483 -6.849160 0.785287 255.362488
12.976488 -6.849163 0.785393 255.562585
12.986493 -6.849163 0.785361 255.762683
12.996498 -6.849170 0.785189 255.962777
13.006503 -6.849189 0.784879 256.162862
13.016508 -6.849231 0.784431 256.362931
13.026513 -6.849301 0.783846 256.562980
13.036518 -6.849409 0.783123 256.763003
13.046523 -6.849560 0.782266 256.962995
13.056528 -6.849764 0.781274 257.162950
13.066533 -6.850027 0.780149 257.362864
13.076538 -6.850356 0.778893 257.562731
13.086543 -6.850758 0.777507 257.762548
13.096548 -6.851241 0.775994 257.962308
13.106553 -6.851810 0.774356 258.162009
13.116558 -6.852473 0.772595 258.361645
13.126563 -6.853234 0.770713 258.561213
13.136568 -6.854101 0.768713 258.760709
13.146573 -6.855079 0.766599 258.960129
13.156578 -6.856173 0.764372 259.159470
13.166583 -6.857389 0.762036 259.358729
13.176588 -6.858730 0.759594 259.557903
13.186593 -6.860203 0.757050 259.756990
13.196598 -6.861811 0.754406 259.955986
13.206603 -6.863559 0.751667 260.154891
13.216608 -6.865449 0.748836 260.353701
13.226613 -6.867486 0.745916 260.552416
13.236618 -6.869673 0.742913 260.751034
13.246623 -6.872013 0.739828 260.949554
13.256628 -6.874508 0.736668 261.147975
13.266633 -6.877161 0.733435 261.346295
13.276638 -6.879974 0.730133 261.544515
13.286643 -6.882949 0.726767 261.742635
13.296648 -6.886087 0.723341 261.940654
13.306653 -6.889389 0.719860 262.138572
13.316658 -6.892858 0.716327 262.336390
13.326663 -6.896494 0.712747 262.534108
13.336668 -6.900296 0.709124 262.731726
13.346673 -6.904267 0.705462 262.929246
13.356678 -6.908406 0.701767 263.126669
13.366683 -6.912712 0.698041 263.323995
13.376688 -6.917186 0.694291 263.521226
13.386693 -6.921828 0.690519 263.718363
13.396698 -6.926636 0.686731 263.915408
13.406703 -6.931611 0.682930 264.112362
13.416708 -6.936750 0.679122 264.309227
13.426713 -6.942053 0.675310 264.506004
13.436718 -6.947519 0.671499 264.702696
13.446723 -6.953146 0.667693 264.899304
13.456728 -6.958932 0.663896 265.095830
13.466733 -6.964876 0.660113 265.292277
13.476738 -6.970976 0.656348 265.488645
13.486743 -6.977230 0.652604 265.684939
13.496748 -6.983636 0.648886 265.881159
13.506753 -6.990192 0.645198 266.077307
13.516758 -6.996895 0.641544 266.273387
13.526763 -7.003742 0.637928 266.469400
13.536768 -7.010732 0.634354 266.665347
13.546773 -7.017862 0.630825 266.861233
13.556778 -7.025128 0.627346 267.057058
13.566783 -7.032528 0.623919 267.252825
13.576788 -7.040059 0.620549 267.448536
13.586793 -7.047719 0.617240 267.644193
13.596798 -7.055503 0.613994 267.839798
13.606803 -7.063409 0.610816 268.035354
13.616808 -7.071433 0.607708 268.230863
13.626813 -7.079573 0.604673 268.426326
13.636818 -7.087825 0.601715 268.621746
13.646823 -7.096185 0.598838 268.817124
13.656828 -7.104649 0.596043 269.012463
13.666833 -7.113215 0.593334 269.207764
13.676838 -7.121879 0.590714 269.403030
13.686843 -7.130637 0.588185 269.598262
13.696848 -7.139485 0.585749 269.793463
13.706853 -7.148419 0.583411 269.988633
13.716858 -7.157437 0.581171 270.183775
13.726863 -7.166533 0.579032 270.378890
13.736868 -7.175703 0.576997 270.573980
13.746873 -7.184945 0.575067 270.769046
13.756878 -7.194254 0.573245 270.964091
13.766883 -7.203625 0.571532 271.159116
13.776888 -7.213056 0.569930 271.354122
13.786893 -7.222541 0.568440 271.549110
13.796898 -7.232076 0.567065 271.744083
13.806903 -7.241659 0.565806 271.939042
13.816908 -7.251283 0.564663 272.133987
13.826913 -7.260946 0.563638 272.328921
13.836918 -7.270642 0.562733 272.523845
13.846923 -7.280368 0.561948 272.718760
13.856928 -7.290120 0.561283 272.913668
13.866933 -7.299892 0.560740 273.108569
13.876938 -7.309682 0.560319 273.303465
13.886943 -7.319484 0.560021 273.498358
13.896948 -7.329294 0.559845 273.693248
13.906953 -7.339109 0.559793 273.888136
13.916958 -7.348923 0.559863 274.083025
13.926963 -7.358732 0.560057 274.277916
13.936968 -7.368533 0.560373 274.472809
13.946973 -7.378320 0.560812 274.667706
13.956978 -7.388090 0.561373 274.862608
13.966983 -7.397838 0.562055 275.057516
13.976988 -7.407560 0.562858 275.252432
13.986993 -7.417252 0.563781 275.447357
13.996998 -7.426909 0.564823 275.642293
14.007004 -7.436527 0.565983 275.837240
14.017009 -7.446103 0.567260 276.032201
14.027014 -7.455632 0.568652 276.227176
14.037019 -7.465109 0.570158 276.422167
14.047024 -7.474531 0.571776 276.617176
14.057029 -7.483894 0.573505 276.812203
14.067034 -7.493193 0.575344 277.007251
14.077039 -7.502424 0.577289 277.202321
14.087044 -7.511584 0.579340 277.397415
14.097049 -7.520669 0.581493 277.592534
14.107054 -7.529674 0.583748 277.787680
14.117059 -7.538596 0.586101 277.982854
14.127064 -7.547431 0.588550 278.178059
14.137069 -7.556175 0.591092 278.373296
14.147074 -7.564825 0.593726 278.568567
14.157079 -7.573376 0.596448 278.763874
14.167084 -7.581826 0.599255 278.959218
14.177089 -7.590170 0.602145 279.154603
14.187094 -7.598406 0.605114 279.350028
14.197099 -7.606529 0.608159 279.545498
14.207104 -7.614536 0.611278 279.741013
14.217109 -7.622424 0.614466 279.936576
14.227114 -7.630190 0.617722 280.132189
14.237119 -7.637831 0.621040 280.327854
14.247124 -7.645343 0.624419 280.523573
14.257129 -7.652724 0.627853 280.719349
14.267134 -7.659970 0.631340 280.915182
14.277139 -7.667080 0.634875 281.111077
14.287144 -7.674049 0.638456 281.307034
14.297149 -7.680875 0.642078 281.503057
14.307154 -7.687557 0.645737 281.699146
14.317159 -7.694090 0.649430 281.895305
14.327164 -7.700474 0.653152 282.091536
14.337169 -7.706706 0.656899 282.287840
14.347174 -7.712783 0.660667 282.484220
14.357179 -7.718704 0.664453 282.680678
14.367184 -7.724467 0.668251 282.877216
14.377189 -7.730071 0.672058 283.073837
14.387194 -7.735513 0.675870 283.270541
14.397199 -7.740792 0.679681 283.467331
14.407204 -7.745907 0.683489 283.664208
14.417209 -7.750857 0.687288 283.861176
14.427214 -7.755641 0.691074 284.058234
14.437219 -7.760258 0.694842 284.255385
14.447224 -7.764708 0.698590 284.452629
14.457229 -7.768989 0.702311 284.649970
14.467234 -7.773103 0.706002 284.847406
14.477239 -7.777049 0.709658 285.044941
14.487244 -7.780828 0.713275 285.242574
14.497249 -7.784438 0.716848 285.440307
14.507254 -7.787883 0.720374 285.638139
14.517259 -7.791161 0.723848 285.836072
14.527264 -7.794275 0.727265 286.034106
14.537269 -7.797226 0.730622 286.232240
14.547274 -7.800015 0.733913 286.430475
14.557279 -7.802645 0.737136 286.628810
14.567284 -7.805117 0.740286 286.827246
14.577289 -7.807434 0.743359 287.025780
14.587294 -7.809599 0.746350 287.224412
14.597299 -7.811615 0.749257 287.423141
14.607304 -7.813484 0.752075 287.621965
14.617309 -7.815210 0.754800 287.820884
14.627314 -7.816798 0.757429 288.019894
14.637319 -7.818252 0.759959 288.218993
14.647324 -7.819575 0.762385 288.418180
14.657329 -7.820772 0.764705 288.617451
14.667334 -7.821849 0.766916 288.816804
14.677339 -7.822810 0.769014 289.016236
14.687344 -7.823661 0.770997 289.215742
14.697349 -7.824408 0.772861 289.415320
14.707354 -7.825056 0.774604 289.614966
14.717359 -7.825612 0.776224 289.814676
14.727364 -7.826083 0.777719 290.014445
14.737369 -7.826474 0.779085 290.214269
14.747374 -7.826793 0.780322 290.414144
14.757379 -7.827047 0.781428 290.614064
14.767384 -7.827242 0.782400 290.814025
14.777389 -7.827387 0.783238 291.014022
14.787394 -7.827488 0.783940 291.214049
14.797399 -7.827554 0.784505 291.414101
14.807404 -7.827592 0.784933 291.614173
14.817409 -7.827609 0.785223 291.814259
14.827414 -7.827614 0.785374 292.014354
14.837419 -7.827615 0.785386 292.214453
14.847424 -7.827618 0.785260 292.414549
14.857429 -7.827633 0.784995 292.614637
14.867434 -7.827666 0.784591 292.814712
14.877439 -7.827727 0.784050 293.014768
14.887444 -7.827821 0.783372 293.214800
14.897449 -7.827958 0.782558 293.414803
14.907454 -7.828144 0.781609 293.614770
14.917459 -7.828387 0.780527 293.814698
14.927464 -7.828694 0.779313 294.014581
14.937469 -7.829072 0.777970 294.214415
14.947474 -7.829528 0.776498 294.414194
14.957479 -7.830068 0.774900 294.613914
14.967484 -7.830700 0.773178 294.813572
14.977489 -7.831429 0.771335 295.013162
14.987494 -7.832261 0.769373 295.212682
14.997499 -7.833202 0.767295 295.412127
15.007504 -7.834258 0.765104 295.611494
15.017509 -7.835434 0.762803 295.810780
15.027514 -7.836734 0.760395 296.009981
15.037519 -7.838164 0.757884 296.209097
15.047524 -7.839728 0.755272 296.408123
15.057529 -7.841430 0.752563 296.607057
15.067534 -7.843273 0.749762 296.805898
15.077539 -7.845263 0.746870 297.004644
15.087544 -7.847401 0.743894 297.203294
15.097549 -7.849691 0.740835 297.401845
15.107554 -7.852135 0.737699 297.600298
15.117559 -7.854737 0.734488 297.798651
15.127564 -7.857498 0.731208 297.996904
15.137569 -7.860420 0.727863 298.195056
15.147574 -7.863505 0.724456 298.393107
15.157579 -7.866755 0.720992 298.591058
15.167584 -7.870169 0.717475 298.788908
15.177589 -7.873751 0.713910 298.986659
15.187594 -7.877499 0.710300 299.184309
15.197599 -7.881416 0.706651 299.381861
15.207604 -7.885500 0.702966 299.579315
15.217609 -7.889752 0.699250 299.776672
15.227614 -7.894172 0.695507 299.973934
15.237619 -7.898760 0.691741 300.171101
15.247624 -7.903514 0.687958 300.368176
15.257629 -7.908435 0.684161 300.565159
15.267634 -7.913521 0.680355 300.762052
15.277639 -7.918771 0.676544 300.958858
15.287644 -7.924184 0.672732 301.155577
15.297649 -7.929759 0.668924 301.352212
15.307654 -7.935494 0.665124 301.548764
15.317659 -7.941388 0.661336 301.745236
15.327664 -7.947438 0.657564 301.941630
15.337669 -7.953642 0.653812 302.137948
15.347674 -7.959999 0.650086 302.334191
15.357679 -7.966506 0.646388 302.530363
15.367684 -7.973162 0.642722 302.726464
15.377689 -7.979963 0.639094 302.922498
15.387694 -7.986907 0.635505 303.118467
15.397699 -7.993992 0.631961 303.314372
15.407704 -8.001214 0.628466 303.510217
15.417709 -8.008571 0.625022 303.706002
15.427714 -8.016060 0.621633 303.901731
15.437719 -8.023678 0.618304 304.097405
15.447724 -8.031423 0.615037 304.293027
15.457729 -8.039290 0.611837 304.488599
15.467734 -8.047276 0.608705 304.684123
15.477739 -8.055379 0.605647 304.879600
15.487744 -8.063595 0.602664 305.075034
15.497749 -8.071920 0.599760 305.270425
15.507754 -8.080351 0.596938 305.465777
15.517759 -8.088885 0.594201 305.661090
15.527764 -8.097517 0.591552 305.856367
15.537769 -8.106245 0.588993 306.051610
15.547774 -8.115064 0.586527 306.246821
15.557779 -8.123971 0.584157 306.442000
15.567784 -8.132962 0.581885 306.637151
15.577789 -8.142033 0.579713 306.832275
15.587794 -8.151180 0.577644 307.027372
15.597799 -8.160399 0.575680 307.222447
15.607804 -8.169687 0.573823 307.417498
15.617809 -8.179038 0.572074 307.612529
15.627814 -8.188450 0.570436 307.807541
15.637819 -8.197918 0.568910 308.002535
15.647824 -8.207438 0.567497 308.197513
15.657829 -8.217005 0.566200 308.392476
15.667834 -8.226617 0.565020 308.587426
15.677839 -8.236267 0.563957 308.782363
15.687844 -8.245953 0.563013 308.977290
15.697849 -8.255670 0.562188 309.172208
15.707854 -8.265414 0.561485 309.367118
15.717859 -8.275180 0.560902 309.562021
15.727864 -8.284965 0.560442 309.756918
15.737869 -8.294763 0.560104 309.951812
15.747874 -8.304571 0.559889 310.146703
15.757879 -8.314385 0.559796 310.341592
15.767884 -8.324200 0.559827 310.536481
15.777889 -8.334011 0.559981 310.731370
15.787894 -8.343815 0.560258 310.926262
15.797899 -8.353607 0.560657 311.121158
15.807904 -8.363383 0.561178 311.316058
15.817909 -8.373138 0.561821 311.510964
15.827914 -8.382869 0.562585 311.705878
15.837919 -8.392571 0.563470 311.900800
15.847924 -8.402240 0.564473 312.095732
15.857929 -8.411872 0.565595 312.290675
15.867934 -8.421462 0.566834 312.485632
15.877939 -8.431006 0.568189 312.680602
15.887944 -8.440500 0.569658 312.875588
15.897949 -8.449941 0.571240 313.070590
15.907954 -8.459323 0.572934 313.265612
15.917959 -8.468643 0.574737 313.460653
15.927964 -8.477897 0.576648 313.655715
15.937969 -8.487080 0.578665 313.850801
15.947974 -8.496190 0.580785 314.045912
15.957979 -8.505221 0.583008 314.241049
15.967984 -8.514171 0.585329 314.436214
15.977989 -8.523034 0.587747 314.631408
15.987994 -8.531808 0.590260 314.826635
15.997999 -8.540489 0.592864 315.021895
16.008004 -8.549072 0.595558 315.217190
16.018009 -8.557555 0.598337 315.412522
16.028014 -8.565934 0.601201 315.607893
16.038019 -8.574205 0.604144 315.803305
16.048024 -8.582365 0.607166 315.998761
16.058029 -8.590410 0.610261 316.194261
16.068034 -8.598337 0.613427 316.389808
16.078039 -8.606143 0.616661 316.585405
16.088044 -8.613825 0.619960 316.781053
16.098049 -8.621379 0.623319 316.976754
16.108054 -8.628802 0.626736 317.172511
16.118059 -8.636093 0.630206 317.368325
16.128064 -8.643246 0.633726 317.564200
16.138069 -8.650261 0.637293 317.760137
16.148074 -8.657134 0.640902 317.956138
16.158079 -8.663863 0.644549 318.152205
16.168084 -8.670444 0.648232 318.348342
16.178089 -8.676877 0.651944 318.544549
16.188094 -8.683158 0.655684 318.740829
16.198099 -8.689286 0.659446 318.937184
16.208104 -8.695257 0.663226 319.133617
16.218109 -8.701072 0.667021 319.330129
16.228114 -8.706727 0.670826 319.526723
16.238119 -8.712221 0.674636 319.723399
16.248124 -8.717553 0.678448 319.920161
16.258129 -8.722722 0.682258 320.117010
16.268134 -8.727725 0.686060 320.313948
16.278139 -8.732563 0.689850 320.510977
16.288144 -8.737234 0.693625 320.708098
16.298149 -8.741738 0.697380 320.905312
16.308154 -8.746074 0.701110 321.102621
16.318159 -8.750243 0.704811 321.300027
16.328164 -8.754243 0.708479 321.497529
16.338169 -8.758075 0.712109 321.695131
16.348174 -8.761740 0.715697 321.892831
16.358179 -8.765238 0.719239 322.090631
16.368184 -8.768570 0.722730 322.288531
16.378189 -8.771738 0.726166 322.486532
16.388194 -8.774741 0.729542 322.684634
16.398199 -8.777582 0.732856 322.882837
16.408204 -8.780263 0.736101 323.081140
16.418209 -8.782786 0.739275 323.279543
16.428214 -8.785153 0.742373 323.478045
16.438219 -8.787367 0.745391 323.676645
16.448224 -8.789430 0.748326 323.875343
16.458229 -8.791347 0.751173 324.074137
16.468234 -8.793119 0.753929 324.273025
16.478239 -8.794751 0.756589 324.472005
16.488244 -8.796248 0.759151 324.671076
16.498249 -8.797612 0.761612 324.870235
16.508254 -8.798850 0.763967 325.069479
16.518259 -8.799965 0.766213 325.268806
16.528264 -8.800963 0.768348 325.468213
16.538269 -8.801849 0.770368 325.667695
16.548274 -8.802629 0.772271 325.867251
16.558279 -8.803309 0.774053 326.066875
16.568284 -8.803894 0.775714 326.266565
16.578289 -8.804391 0.777249 326.466315
16.588294 -8.804807 0.778657 326.666122
16.598299 -8.805149 0.779936 326.865981
16.608304 -8.805423 0.781084 327.065887
16.618309 -8.805637 0.782100 327.265835
16.628314 -8.805797 0.782982 327.465821
16.638319 -8.805912 0.783728 327.665838
16.648324 -8.805988 0.784338 327.865883
16.658329 -8.806034 0.784810 328.065949
16.668334 -8.806057 0.785144 328.266032
16.678339 -8.806065 0.785340 328.466125
16.688344 -8.806066 0.785398 328.666222
16.698349 -8.806068 0.785316 328.866320
16.708354 -8.806078 0.785096 329.066411
16.718359 -8.806105 0.784737 329.266491
16.728364 -8.806156 0.784240 329.466554
16.738369 -8.806238 0.783606 329.666594
16.748374 -8.806360 0.782836 329.866607
16.758379 -8.806530 0.781931 330.066586
16.768384 -8.806753 0.780892 330.266528
16.778389 -8.807039 0.779721 330.466426
16.788394 -8.807393 0.778419 330.666276
16.798399 -8.807823 0.776988 330.866073
16.808404 -8.808335 0.775430 331.065813
16.818409 -8.808937 0.773748 331.265491
16.828414 -8.809634 0.771944 331.465104
16.838419 -8.810432 0.770021 331.664647
16.848424 -8.811337 0.767980 331.864116
16.858429 -8.812355 0.765825 332.063509
16.868434 -8.813492 0.763560 332.262821
16.878439 -8.814751 0.761186 332.462051
16.888444 -8.816139 0.758708 332.661194
16.898449 -8.817659 0.756128 332.860249
16.908454 -8.819315 0.753450 333.059213
16.918459 -8.821113 0.750678 333.258085
16.928464 -8.823055 0.747815 333.456862
16.938469 -8.825144 0.744866 333.655543
16.948474 -8.827385 0.741833 333.854126
16.958479 -8.829779 0.738722 334.052611
16.968484 -8.832330 0.735535 334.250996
16.978489 -8.835039 0.732277 334.449282
16.988494 -8.837909 0.728952 334.647466
16.998499 -8.840941 0.725565 334.845550
17.008504 -8.844137 0.722119 335.043534
17.018509 -8.847498 0.718619 335.241416
17.028514 -8.851026 0.715069 335.439199
17.038519 -8.854720 0.711473 335.636882
17.048524 -8.858582 0.707836 335.834465
17.058529 -8.862612 0.704162 336.031951
17.068534 -8.866810 0.700455 336.229339
17.078539 -8.871176 0.696720 336.426632
17.088544 -8.875709 0.692962 336.623830
17.098549 -8.880410 0.689184 336.820934
17.108554 -8.885277 0.685391 337.017946
17.118559 -8.890309 0.681587 337.214869
17.128564 -8.895506 0.677777 337.411702
17.138569 -8.900867 0.673965 337.608449
17.148574 -8.906390 0.670155 337.805111
17.158579 -8.912073 0.666352 338.001690
17.168584 -8.917915 0.662560 338.198188
17.178589 -8.923915 0.658782 338.394607
17.188594 -8.930070 0.655024 338.590949
17.198599 -8.936377 0.651289 338.787216
17.208604 -8.942836 0.647581 338.983411
17.218609 -8.949444 0.643904 339.179535
17.228614 -8.956198 0.640263 339.375590
17.238619 -8.963097 0.636662 339.571580
17.248624 -8.970136 0.633103 339.767506
17.258629 -8.977314 0.629591 339.963369
17.268634 -8.984628 0.626130 340.159174
17.278639 -8.992075 0.622723 340.354921
17.288644 -8.999651 0.619375 340.550612
17.298649 -9.007355 0.616087 340.746251
17.308654 -9.015183 0.612865 340.941839
17.318659 -9.023131 0.609711 341.137378
17.328664 -9.031197 0.606628 341.332870
17.338669 -9.039376 0.603620 341.528317
17.348674 -9.047666 0.600691 341.723722
17.358679 -9.056064 0.597842 341.919087
17.368684 -9.064565 0.595077 342.114412
17.378689 -9.073166 0.592399 342.309701
17.388694 -9.081863 0.589811 342.504955
17.398699 -9.090653 0.587314 342.700175
17.408704 -9.099532 0.584913 342.895365
17.418709 -9.108496 0.582609 343.090525
17.428714 -9.117541 0.580405 343.285657
17.438719 -9.126664 0.578302 343.480763
17.448724 -9.135860 0.576304 343.675844
17.458729 -9.145126 0.574412 343.870903
17.468734 -9.154458 0.572628 344.065941
17.478739 -9.163850 0.570954 344.260959
17.488744 -9.173300 0.569391 344.455958
17.498749 -9.182804 0.567942 344.650941
17.508754 -9.192357 0.566607 344.845909
17.518759 -9.201954 0.565389 345.040863
17.528764 -9.211593 0.564288 345.235804
17.538769 -9.221268 0.563305 345.430734
17.548774 -9.230975 0.562442 345.625655
17.558779 -9.240711 0.561699 345.820567
17.568784 -9.250470 0.561078 346.015472
17.578789 -9.260249 0.560578 346.210371
17.588794 -9.270044 0.560200 346.405266
17.598799 -9.279849 0.559945 346.600157
17.608804 -9.289661 0.559813 346.795047
17.618809 -9.299476 0.559804 346.989936
17.628814 -9.309289 0.559918 347.184825
17.638819 -9.319096 0.560155 347.379716
17.648824 -9.328892 0.560514 347.574610
17.658829 -9.338674 0.560996 347.769509
17.668834 -9.348436 0.561600 347.964413
17.678839 -9.358176 0.562325 348.159324
17.688844 -9.367887 0.563170 348.354243
17.698849 -9.377567 0.564135 348.549172
17.708854 -9.387212 0.565219 348.744112
17.718859 -9.396815 0.566420 348.939064
17.728864 -9.406375 0.567738 349.134029
17.738869 -9.415886 0.569170 349.329010
17.748874 -9.425344 0.570716 349.524007
17.758879 -9.434746 0.572374 349.719022
17.768884 -9.444086 0.574142 349.914056
17.778889 -9.453362 0.576018 350.109112
17.788894 -9.462569 0.578001 350.304190
17.798899 -9.471703 0.580088 350.499292
17.808904 -9.480760 0.582278 350.694421
17.818909 -9.489736 0.584567 350.889576
17.828914 -9.498628 0.586954 351.084761
17.838919 -9.507431 0.589437 351.279977
17.848924 -9.516142 0.592012 351.475226
17.858929 -9.524758 0.594677 351.670509
17.868934 -9.533274 0.597429 351.865829
17.878939 -9.541687 0.600265 352.061188
17.888944 -9.549993 0.603183 352.256587
17.898949 -9.558189 0.606180 352.452028
17.908954 -9.566271 0.609251 352.647513
17.918959 -9.574237 0.612395 352.843045
17.928964 -9.582083 0.615608 353.038626
17.938969 -9.589805 0.618886 353.234257
17.948974 -9.597401 0.622226 353.429940
17.958979 -9.604867 0.625624 353.625679
17.968984 -9.612200 0.629078 353.821475
17.978989 -9.619399 0.632582 354.017330
17.988994 -9.626459 0.636134 354.213246
17.998999 -9.633378 0.639730 354.409226
18.009005 -9.640153 0.643365 354.605272
18.019010 -9.646783 0.647037 354.801386
18.029015 -9.653264 0.650740 354.997570
18.039020 -9.659594 0.654471 355.193826
18.049025 -9.665772 0.658227 355.390157
18.059030 -9.671794 0.662002 355.586564
18.069035 -9.677660 0.665792 355.783050
18.079040 -9.683367 0.669594 355.979617
18.089045 -9.688913 0.673403 356.176267
18.099050 -9.694298 0.677215 356.373001
18.109055 -9.699519 0.681026 356.569822
18.119060 -9.704576 0.684831 356.766731
18.129065 -9.709468 0.688625 356.963730
18.139070 -9.714193 0.692406 357.160821
18.149075 -9.718751 0.696168 357.358004
18.159080 -9.723141 0.699906 357.555283
18.169085 -9.727364 0.703617 357.752657
18.179090 -9.731419 0.707296 357.950128
18.189095 -9.735305 0.710939 358.147697
18.199100 -9.739025 0.714541 358.345366
18.209105 -9.742577 0.718098 358.543133
18.219110 -9.745962 0.721606 358.741001
18.229115 -9.749183 0.725060 358.938970
18.239120 -9.752239 0.728457 359.137039
18.249125 -9.755133 0.731791 359.335209
18.259130 -9.757865 0.735059 359.533479
18.269135 -9.760439 0.738256 359.731850
18.279140 -9.762856 0.741379 359.930320
18.289145 -9.765119 0.744424 360.128889
18.299150 -9.767231 0.747386 360.327556
18.309155 -9.769194 0.750262 360.526318
18.319160 -9.771013 0.753047 360.725176
18.329165 -9.772690 0.755739 360.924127
18.339170 -9.774230 0.758333 361.123169
18.349175 -9.775637 0.760827 361.322299
18.359180 -9.776915 0.763216 361.521516
18.369185 -9.778069 0.765498 361.720817
18.379190 -9.779104 0.767669 361.920198
18.389195 -9.780026 0.769727 362.119656
18.399200 -9.780840 0.771668 362.319188
18.409205 -9.781551 0.773490 362.518791
18.419210 -9.782166 0.775190 362.718460
18.429215 -9.782691 0.776766 362.918191
18.439220 -9.783133 0.778216 363.117980
18.449225 -9.783498 0.779537 363.317822
18.459230 -9.783793 0.780727 363.517714
18.469235 -9.784025 0.781786 363.717649
18.479240 -9.784202 0.782711 363.917623
18.489245 -9.784331 0.783501 364.117631
18.499250 -9.784419 0.784155 364.317668
18.509255 -9.784474 0.784672 364.517727
18.519260 -9.784504 0.785051 364.717805
18.529265 -9.784516 0.785292 364.917895
18.539270 -9.784518 0.785394 365.117992
18.549275 -9.784519 0.785358 365.318090
18.559280 -9.784525 0.785182 365.518184
18.569285 -9.784546 0.784868 365.718269
18.579290 -9.784588 0.784416 365.918337
18.589295 -9.784659 0.783826 366.118386
18.599300 -9.784768 0.783100 366.318408
18.609305 -9.784921 0.782238 366.518399
18.619310 -9.785126 0.781243 366.718353
18.629315 -9.785391 0.780114 366.918265
18.639320 -9.785722 0.778854 367.118131
18.649325 -9.786127 0.777465 367.317946
18.659330 -9.786612 0.775948 367.517705
18.669335 -9.787184 0.774306 367.717404
18.679340 -9.787849 0.772541 367.917038
18.689345 -9.788614 0.770656 368.116604
18.699350 -9.789484 0.768653 368.316097
18.709355 -9.790465 0.766535 368.515515
18.719360 -9.791562 0.764305 368.714854
18.729365 -9.792782 0.761966 368.914111
18.739370 -9.794127 0.759521 369.113282
18.749375 -9.795604 0.756973 369.312366
18.759380 -9.797216 0.754327 369.511360
18.769385 -9.798968 0.751585 369.710262
18.779390 -9.800862 0.748751 369.909070
18.789395 -9.802904 0.745829 370.107782
18.799400 -9.805095 0.742823 370.306397
18.809405 -9.807439 0.739737 370.504914
18.819410 -9.809939 0.736574 370.703331
18.829415 -9.812597 0.733339 370.901649
18.839420 -9.815414 0.730035 371.099866
18.849425 -9.818394 0.726667 371.297983
18.859430 -9.821537 0.723240 371.495999
18.869435 -9.824844 0.719757 371.693914
18.879440 -9.828318 0.716222 371.891729
18.889445 -9.831958 0.712641 372.089444
18.899450 -9.835766 0.709017 372.287060
18.909455 -9.839742 0.705354 372.484577
18.919460 -9.843885 0.701658 372.681997
18.929465 -9.848197 0.697932 372.879320
18.939470 -9.852676 0.694180 373.076548
18.949475 -9.857322 0.690408 373.273682
18.959480 -9.862135 0.686620 373.470725
18.969485 -9.867115 0.682819 373.667676
18.979490 -9.872259 0.679010 373.864538
18.989495 -9.877567 0.675198 374.061313
18.999500 -9.883037 0.671387 374.258002
19.009505 -9.888669 0.667582 374.454607
19.019510 -9.894460 0.663785 374.651131
19.029515 -9.900408 0.660002 374.847576
19.039520 -9.906513 0.656237 375.043942
19.049525 -9.912772 0.652494 375.240233
19.059530 -9.919182 0.648777 375.436451
19.069535 -9.925742 0.645090 375.632598
19.079540 -9.932449 0.641437 375.828675
19.089545 -9.939301 0.637822 376.024686
19.099550 -9.946295 0.634249 376.220632
19.109555 -9.953428 0.630722 376.416516
19.119560 -9.960699 0.627244 376.612339
19.129565 -9.968103 0.623819 376.808104
19.139570 -9.975638 0.620451 377.003814
19.149575 -9.983301 0.617144 377.199469
19.159580 -9.991089 0.613900 377.395073
19.169585 -9.998998 0.610723 377.590628
19.179590 -10.007026 0.607617 377.786135
19.189595 -10.015169 0.604585 377.981597
19.199600 -10.023424 0.601630 378.177015
19.209605 -10.031787 0.598755 378.372392
19.219610 -10.040255 0.595962 378.567730
19.229615 -10.048824 0.593256 378.763031
19.239620 -10.057490 0.590638 378.958295
19.249625 -10.066251 0.588112 379.153527
19.259630 -10.075101 0.585679 379.348726
19.269635 -10.084038 0.583344 379.543895
19.279640 -10.093058 0.581107 379.739036
19.289645 -10.102156 0.578971 379.934150
19.299650 -10.111329 0.576939 380.129240
19.309655 -10.120573 0.575012 380.324306
19.319660 -10.129883 0.573193 380.519350
19.329665 -10.139257 0.571483 380.714374
19.339670 -10.148689 0.569884 380.909379
19.349675 -10.158175 0.568398 381.104368
19.359680 -10.167712 0.567026 381.299340
19.369685 -10.177296 0.565770 381.494298
19.379690 -10.186922 0.564631 381.689244
19.389695 -10.196585 0.563610 381.884177
19.399700 -10.206283 0.562708 382.079101
19.409705 -10.216010 0.561926 382.274016
19.419710 -10.225762 0.561265 382.468923
19.429715 -10.235535 0.560726 382.663824
19.439720 -10.245325 0.560309 382.858720
19.449725 -10.255127 0.560014 383.053612
19.459730 -10.264938 0.559842 383.248502
19.469735 -10.274752 0.559793 383.443391
19.479740 -10.284566 0.559867 383.638280
19.489745 -10.294375 0.560065 383.833170
19.499750 -10.304176 0.560384 384.028063
19.509755 -10.313962 0.560827 384.222960
19.519760 -10.323732 0.561391 384.417863
19.529765 -10.333479 0.562077 384.612771
19.539770 -10.343200 0.562884 384.807688
19.549775 -10.352891 0.563810 385.002613
19.559780 -10.362547 0.564856 385.197549
19.569785 -10.372165 0.566019 385.392497
19.579790 -10.381739 0.567299 385.587458
19.589795 -10.391266 0.568694 385.782434
19.599800 -10.400742 0.570204 385.977425
19.609805 -10.410162 0.571825 386.172434
19.619810 -10.419523 0.573558 386.367462
19.629815 -10.428820 0.575399 386.562511
19.639820 -10.438050 0.577348 386.757581
19.649825 -10.447207 0.579402 386.952676
19.659830 -10.456290 0.581558 387.147795
19.669835 -10.465293 0.583816 387.342942
19.679840 -10.474212 0.586171 387.538117
19.689845 -10.483045 0.588623 387.733323
19.699850 -10.491786 0.591169 387.928561
19.709855 -10.500433 0.593805 388.123833
19.719860 -10.508981 0.596529 388.319141
19.729865 -10.517428 0.599339 388.514487
19.739870 -10.525769 0.602231 388.709872
19.749875 -10.534001 0.605202 388.905299
19.759880 -10.542121 0.608250 389.100770
19.769885 -10.550125 0.611370 389.296287
19.779890 -10.558009 0.614561 389.491852
19.789895 -10.565772 0.617818 389.687466
19.799900 -10.573409 0.621139 389.883132
19.809905 -10.580917 0.624519 390.078853
19.819910 -10.588294 0.627954 390.274630
19.829915 -10.595537 0.631443 390.470466
19.839920 -10.602642 0.634980 390.666362
19.849925 -10.609607 0.638562 390.862321
19.859930 -10.616429 0.642185 391.058345
19.869935 -10.623106 0.645845 391.254437
19.879940 -10.629635 0.649539 391.450598
19.889945 -10.636015 0.653261 391.646831
19.899950 -10.642242 0.657009 391.843137
19.909955 -10.648315 0.660778 392.039520
19.919960 -10.654231 0.664564 392.235980
19.929965 -10.659989 0.668363 392.432521
19.939970 -10.665588 0.672170 392.629143
19.949975 -10.671025 0.675982 392.825850
19.959980 -10.676300 0.679793 393.022642
19.969985 -10.681410 0.683600 393.219523
19.979990 -10.686355 0.687399 393.416492
19.989995 -10.691134 0.691185 393.613553
20.000000 -10.695746 0.694953 393.810680
