t psi theta phi
0.000000 0.000000 1.047198 0.000000
0.005003 -0.005003 1.047195 0.055698
0.010005 -0.010005 1.047187 0.111395
0.015008 -0.015008 1.047173 0.167093
0.020010 -0.020010 1.047155 0.222791
0.025013 -0.025013 1.047131 0.278488
0.030015 -0.030016 1.047101 0.334186
0.035018 -0.035020 1.047066 0.389883
0.040020 -0.040023 1.047026 0.445580
0.045023 -0.045027 1.046981 0.501277
0.050025 -0.050031 1.046930 0.556974
0.055028 -0.055035 1.046874 0.612671
0.060030 -0.060040 1.046812 0.668368
0.065033 -0.065046 1.046745 0.724064
0.070035 -0.070051 1.046673 0.779760
0.075038 -0.075058 1.046595 0.835456
0.080040 -0.080064 1.046512 0.891151
0.085043 -0.085072 1.046424 0.946847
0.090045 -0.090080 1.046330 1.002542
0.095048 -0.095088 1.046231 1.058237
0.100050 -0.100098 1.046127 1.113931
0.105053 -0.105108 1.046017 1.169625
0.110055 -0.110118 1.045902 1.225319
0.115058 -0.115130 1.045781 1.281012
0.120060 -0.120142 1.045656 1.336705
0.125063 -0.125156 1.045525 1.392397
0.130065 -0.130170 1.045388 1.448089
0.135068 -0.135185 1.045246 1.503781
0.140070 -0.140201 1.045099 1.559472
0.145073 -0.145218 1.044947 1.615163
0.150075 -0.150236 1.044789 1.670853
0.155078 -0.155255 1.044626 1.726542
0.160080 -0.160275 1.044457 1.782232
0.165083 -0.165296 1.044284 1.837920
0.170085 -0.170319 1.044104 1.893608
0.175088 -0.175342 1.043920 1.949296
0.180090 -0.180367 1.043730 2.004982
0.185093 -0.185393 1.043535 2.060669
0.190095 -0.190421 1.043335 2.116354
0.195098 -0.195450 1.043129 2.172039
0.200100 -0.200480 1.042918 2.227723
0.205103 -0.205511 1.042701 2.283407
0.210105 -0.210544 1.042480 2.339090
0.215108 -0.215579 1.042252 2.394772
0.220110 -0.220615 1.042020 2.450454
0.225113 -0.225652 1.041782 2.506134
0.230115 -0.230692 1.041539 2.561814
0.235118 -0.235732 1.041291 2.617494
0.240120 -0.240775 1.041038 2.673172
0.245123 -0.245819 1.040779 2.728850
0.250125 -0.250865 1.040514 2.784527
0.255128 -0.255912 1.040245 2.840203
0.260130 -0.260961 1.039970 2.895878
0.265133 -0.266012 1.039690 2.951552
0.270135 -0.271065 1.039405 3.007226
0.275138 -0.276120 1.039114 3.062898
0.280140 -0.281177 1.038818 3.118570
0.285143 -0.286235 1.038517 3.174241
0.290145 -0.291296 1.038210 3.229911
0.295148 -0.296359 1.037898 3.285580
0.300150 -0.301423 1.037581 3.341248
0.305153 -0.306490 1.037259 3.396915
0.310155 -0.311559 1.036931 3.452581
0.315158 -0.316630 1.036598 3.508246
0.320160 -0.321703 1.036260 3.563911
0.325163 -0.326778 1.035916 3.619574
0.330165 -0.331855 1.035568 3.675236
0.335168 -0.336935 1.035214 3.730897
0.340170 -0.342017 1.034854 3.786557
0.345173 -0.347102 1.034490 3.842216
0.350175 -0.352188 1.034120 3.897874
0.355178 -0.357277 1.033745 3.953531
0.360180 -0.362369 1.033365 4.009187
0.365183 -0.367463 1.032979 4.064842
0.370185 -0.372559 1.032589 4.120495
0.375188 -0.377658 1.032193 4.176148
0.380190 -0.382759 1.031792 4.231799
0.385193 -0.387863 1.031385 4.287449
0.390195 -0.392970 1.030974 4.343098
0.395198 -0.398079 1.030557 4.398746
0.400200 -0.403191 1.030135 4.454393
0.405203 -0.408305 1.029707 4.510039
0.410205 -0.413422 1.029275 4.565683
0.415208 -0.418542 1.028837 4.621326
0.420210 -0.423665 1.028394 4.676968
0.425213 -0.428790 1.027946 4.732609
0.430215 -0.433918 1.027493 4.788249
0.435218 -0.439049 1.027035 4.843887
0.440220 -0.444183 1.026571 4.899524
0.445223 -0.449320 1.026102 4.955160
0.450225 -0.454460 1.025628 5.010795
0.455228 -0.459603 1.025149 5.066428
0.460230 -0.464748 1.024665 5.122060
0.465233 -0.469897 1.024175 5.177691
0.470235 -0.475049 1.023680 5.233321
0.475238 -0.480204 1.023181 5.288949
0.480240 -0.485362 1.022676 5.344576
0.485243 -0.490523 1.022165 5.400202
0.490245 -0.495687 1.021650 5.455826
0.495248 -0.500854 1.021130 5.511450
0.500250 -0.506025 1.020604 5.567071
0.505253 -0.511198 1.020074 5.622692
0.510255 -0.516375 1.019538 5.678311
0.515258 -0.521556 1.018997 5.733929
0.520260 -0.526739 1.018451 5.789545
0.525263 -0.531926 1.017900 5.845161
0.530265 -0.537116 1.017344 5.900774
0.535268 -0.542310 1.016782 5.956387
0.540270 -0.547507 1.016216 6.011998
0.545273 -0.552707 1.015644 6.067608
0.550275 -0.557911 1.015068 6.123216
0.555278 -0.563119 1.014486 6.178823
0.560280 -0.568329 1.013900 6.234429
0.565283 -0.573544 1.013308 6.290034
0.570285 -0.578762 1.012711 6.345637
0.575288 -0.583983 1.012109 6.401238
0.580290 -0.589208 1.011502 6.456838
0.585293 -0.594437 1.010890 6.512437
0.590295 -0.599669 1.010273 6.568035
0.595298 -0.604905 1.009651 6.623631
0.600300 -0.610145 1.009024 6.679226
0.605303 -0.615388 1.008392 6.734819
0.610305 -0.620635 1.007755 6.790411
0.615308 -0.625886 1.007113 6.846002
0.620310 -0.631141 1.006466 6.901591
0.625313 -0.636399 1.005813 6.957179
0.630315 -0.641661 1.005156 7.012765
0.635318 -0.646927 1.004494 7.068351
0.640320 -0.652197 1.003827 7.123934
0.645323 -0.657471 1.003155 7.179517
0.650325 -0.662749 1.002478 7.235098
0.655328 -0.668030 1.001796 7.290677
0.660330 -0.673316 1.001109 7.346255
0.665333 -0.678605 1.000418 7.401832
0.670335 -0.683899 0.999721 7.457408
0.675338 -0.689196 0.999019 7.512982
0.680340 -0.694498 0.998313 7.568555
0.685343 -0.699803 0.997601 7.624126
0.690345 -0.705113 0.996885 7.679696
0.695348 -0.710427 0.996163 7.735265
0.700350 -0.715744 0.995437 7.790832
0.705353 -0.721066 0.994706 7.846398
0.710355 -0.726392 0.993970 7.901963
0.715358 -0.731723 0.993229 7.957526
0.720360 -0.737057 0.992484 8.013088
0.725363 -0.742396 0.991733 8.068649
0.730365 -0.747739 0.990978 8.124208
0.735368 -0.753086 0.990217 8.179766
0.740370 -0.758437 0.989452 8.235323
0.745373 -0.763793 0.988683 8.290878
0.750375 -0.769152 0.987908 8.346432
0.755378 -0.774517 0.987128 8.401985
0.760380 -0.779885 0.986344 8.457536
0.765383 -0.785258 0.985555 8.513086
0.770385 -0.790635 0.984761 8.568635
0.775388 -0.796017 0.983963 8.624183
0.780390 -0.801403 0.983159 8.679729
0.785393 -0.806793 0.982351 8.735274
0.790395 -0.812188 0.981538 8.790818
0.795398 -0.817588 0.980721 8.846360
0.800400 -0.822991 0.979898 8.901901
0.805403 -0.828400 0.979071 8.957441
0.810405 -0.833812 0.978240 9.012980
0.815408 -0.839230 0.977403 9.068518
0.820410 -0.844651 0.976562 9.124054
0.825413 -0.850078 0.975716 9.179589
0.830415 -0.855509 0.974866 9.235123
0.835418 -0.860944 0.974011 9.290656
0.840420 -0.866384 0.973151 9.346188
0.845423 -0.871829 0.972286 9.401718
0.850425 -0.877278 0.971417 9.457247
0.855428 -0.882732 0.970544 9.512775
0.860430 -0.888191 0.969665 9.568302
0.865433 -0.893654 0.968783 9.623828
0.870435 -0.899122 0.967895 9.679353
0.875438 -0.904595 0.967003 9.734877
0.880440 -0.910072 0.966107 9.790399
0.885443 -0.915554 0.965205 9.845920
0.890445 -0.921041 0.964300 9.901441
0.895448 -0.926533 0.963389 9.956960
0.900450 -0.932029 0.962475 10.012478
0.905453 -0.937530 0.961555 10.067995
0.910455 -0.943036 0.960632 10.123512
0.915458 -0.948547 0.959703 10.179027
0.920460 -0.954062 0.958771 10.234541
0.925463 -0.959583 0.957833 10.290054
0.930465 -0.965108 0.956892 10.345566
0.935468 -0.970638 0.955946 10.401077
0.940470 -0.976173 0.954995 10.456587
0.945473 -0.981713 0.954040 10.512097
0.950475 -0.987258 0.953081 10.567605
0.955478 -0.992808 0.952117 10.623112
0.960480 -0.998362 0.951149 10.678619
0.965483 -1.003922 0.950177 10.734125
0.970485 -1.009486 0.949200 10.789629
0.975488 -1.015056 0.948219 10.845133
0.980490 -1.020630 0.947233 10.900636
0.985493 -1.026210 0.946243 10.956138
0.990495 -1.031794 0.945249 11.011640
0.995498 -1.037384 0.944251 11.067140
1.000500 -1.042978 0.943248 11.122640
1.005503 -1.048578 0.942241 11.178139
1.010505 -1.054183 0.941230 11.233637
1.015508 -1.059792 0.940215 11.289135
1.020510 -1.065407 0.939195 11.344631
1.025513 -1.071027 0.938171 11.400127
1.030515 -1.076652 0.937143 11.455623
1.035518 -1.082282 0.936111 11.511117
1.040520 -1.087917 0.935074 11.566611
1.045523 -1.093557 0.934034 11.622105
1.050525 -1.099203 0.932989 11.677597
1.055528 -1.104853 0.931940 11.733089
1.060530 -1.110509 0.930887 11.788581
1.065533 -1.116170 0.929830 11.844072
1.070535 -1.121836 0.928769 11.899562
1.075538 -1.127508 0.927704 11.955052
1.080540 -1.133184 0.926635 12.010541
1.085543 -1.138866 0.925562 12.066030
1.090545 -1.144553 0.924485 12.121518
1.095548 -1.150245 0.923404 12.177006
1.100550 -1.155942 0.922318 12.232493
1.105553 -1.161645 0.921229 12.287980
1.110555 -1.167353 0.920136 12.343466
1.115558 -1.173066 0.919039 12.398952
1.120560 -1.178785 0.917938 12.454438
1.125563 -1.184509 0.916833 12.509923
1.130565 -1.190238 0.915725 12.565408
1.135568 -1.195972 0.914612 12.620892
1.140570 -1.201712 0.913496 12.676377
1.145573 -1.207457 0.912376 12.731861
1.150575 -1.213207 0.911252 12.787344
1.155578 -1.218963 0.910124 12.842828
1.160580 -1.224724 0.908992 12.898311
1.165583 -1.230491 0.907857 12.953794
1.170585 -1.236263 0.906718 13.009276
1.175588 -1.242040 0.905575 13.064759
1.180590 -1.247823 0.904428 13.120241
1.185593 -1.253611 0.903278 13.175723
1.190595 -1.259404 0.902124 13.231205
1.195598 -1.265203 0.900967 13.286687
1.200600 -1.271008 0.899806 13.342169
1.205603 -1.276818 0.898641 13.397651
1.210605 -1.282633 0.897473 13.453133
1.215608 -1.288454 0.896301 13.508615
1.220610 -1.294280 0.895126 13.564097
1.225613 -1.300111 0.893947 13.619578
1.230615 -1.305949 0.892765 13.675060
1.235618 -1.311791 0.891579 13.730542
1.240620 -1.317639 0.890389 13.786024
1.245623 -1.323493 0.889197 13.841506
1.250625 -1.329352 0.888000 13.896988
1.255628 -1.335217 0.886801 13.952471
1.260630 -1.341087 0.885598 14.007953
1.265633 -1.346963 0.884392 14.063436
1.270635 -1.352844 0.883182 14.118919
1.275638 -1.358731 0.881969 14.174402
1.280640 -1.364624 0.880753 14.229885
1.285643 -1.370522 0.879533 14.285369
1.290645 -1.376425 0.878311 14.340853
1.295648 -1.382334 0.877085 14.396337
1.300650 -1.388249 0.875856 14.451822
1.305653 -1.394170 0.874623 14.507307
1.310655 -1.400096 0.873388 14.562792
1.315658 -1.406027 0.872149 14.618278
1.320660 -1.411964 0.870908 14.673764
1.325663 -1.417907 0.869663 14.729250
1.330665 -1.423856 0.868415 14.784737
1.335668 -1.429810 0.867164 14.840225
1.340670 -1.435770 0.865911 14.895713
1.345673 -1.441735 0.864654 14.951202
1.350675 -1.447706 0.863394 15.006691
1.355678 -1.453683 0.862132 15.062181
1.360680 -1.459666 0.860866 15.117671
1.365683 -1.465654 0.859598 15.173162
1.370685 -1.471648 0.858326 15.228654
1.375688 -1.477647 0.857052 15.284146
1.380690 -1.483653 0.855775 15.339639
1.385693 -1.489664 0.854496 15.395133
1.390695 -1.495681 0.853213 15.450627
1.395698 -1.501703 0.851928 15.506122
1.400700 -1.507731 0.850640 15.561618
1.405703 -1.513765 0.849350 15.617115
1.410705 -1.519805 0.848057 15.672613
1.415708 -1.525850 0.846761 15.728111
1.420710 -1.531902 0.845463 15.783611
1.425713 -1.537959 0.844162 15.839111
1.430715 -1.544022 0.842859 15.894612
1.435718 -1.550090 0.841553 15.950115
1.440720 -1.556164 0.840245 16.005618
1.445723 -1.562245 0.838934 16.061122
1.450725 -1.568331 0.837621 16.116627
1.455728 -1.574422 0.836305 16.172133
1.460730 -1.580520 0.834988 16.227640
1.465733 -1.586623 0.833667 16.283149
1.470735 -1.592733 0.832345 16.338658
1.475738 -1.598848 0.831020 16.394169
1.480740 -1.604968 0.829693 16.449681
1.485743 -1.611095 0.828364 16.505193
1.490745 -1.617228 0.827033 16.560708
1.495748 -1.623366 0.825700 16.616223
1.500750 -1.629511 0.824364 16.671740
1.505753 -1.635661 0.823027 16.727257
1.510755 -1.641817 0.821687 16.782777
1.515758 -1.647979 0.820346 16.838297
1.520760 -1.654147 0.819002 16.893819
1.525763 -1.660320 0.817657 16.949342
1.530765 -1.666500 0.816309 17.004867
1.535768 -1.672685 0.814960 17.060393
1.540770 -1.678877 0.813609 17.115920
1.545773 -1.685074 0.812256 17.171449
1.550775 -1.691277 0.810902 17.226979
1.555778 -1.697486 0.809545 17.282511
1.560780 -1.703701 0.808187 17.338045
1.565783 -1.709922 0.806828 17.393580
1.570785 -1.716149 0.805466 17.449116
1.575788 -1.722382 0.804103 17.504654
1.580790 -1.728621 0.802739 17.560194
1.585793 -1.734866 0.801373 17.615735
1.590795 -1.741116 0.800006 17.671278
1.595798 -1.747373 0.798637 17.726823
1.600800 -1.753636 0.797267 17.782369
1.605803 -1.759904 0.795895 17.837918
1.610805 -1.766179 0.794522 17.893468
1.615808 -1.772459 0.793148 17.949019
1.620810 -1.778746 0.791772 18.004573
1.625813 -1.785038 0.790395 18.060128
1.630815 -1.791337 0.789017 18.115685
1.635818 -1.797641 0.787638 18.171244
1.640820 -1.803952 0.786258 18.226805
1.645823 -1.810268 0.784877 18.282368
1.650825 -1.816591 0.783495 18.337933
1.655828 -1.822919 0.782111 18.393500
1.660830 -1.829254 0.780727 18.449068
1.665833 -1.835594 0.779342 18.504639
1.670835 -1.841941 0.777956 18.560212
1.675838 -1.848293 0.776569 18.615787
1.680840 -1.854652 0.775181 18.671363
1.685843 -1.861016 0.773793 18.726942
1.690845 -1.867387 0.772404 18.782523
1.695848 -1.873764 0.771014 18.838107
1.700850 -1.880146 0.769624 18.893692
1.705853 -1.886535 0.768233 18.949279
1.710855 -1.892930 0.766842 19.004869
1.715858 -1.899331 0.765450 19.060461
1.720860 -1.905738 0.764057 19.116055
1.725863 -1.912150 0.762664 19.171652
1.730865 -1.918569 0.761271 19.227250
1.735868 -1.924994 0.759878 19.282851
1.740870 -1.931426 0.758484 19.338455
1.745873 -1.937863 0.757090 19.394060
1.750875 -1.944306 0.755696 19.449668
1.755878 -1.950755 0.754301 19.505279
1.760880 -1.957210 0.752907 19.560892
1.765883 -1.963672 0.751512 19.616507
1.770885 -1.970139 0.750118 19.672125
1.775888 -1.976613 0.748723 19.727745
1.780890 -1.983092 0.747329 19.783367
1.785893 -1.989578 0.745934 19.838993
1.790895 -1.996070 0.744540 19.894620
1.795898 -2.002568 0.743146 19.950250
1.800900 -2.009072 0.741753 20.005883
1.805903 -2.015581 0.740359 20.061519
1.810905 -2.022098 0.738966 20.117156
1.815908 -2.028620 0.737574 20.172797
1.820910 -2.035148 0.736182 20.228440
1.825913 -2.041682 0.734790 20.284086
1.830915 -2.048222 0.733399 20.339735
1.835918 -2.054769 0.732008 20.395386
1.840920 -2.061321 0.730619 20.451040
1.845923 -2.067880 0.729229 20.506697
1.850925 -2.074445 0.727841 20.562356
1.855928 -2.081015 0.726453 20.618018
1.860930 -2.087592 0.725066 20.673683
1.865933 -2.094175 0.723681 20.729351
1.870935 -2.100764 0.722296 20.785021
1.875938 -2.107359 0.720912 20.840695
1.880940 -2.113960 0.719529 20.896371
1.885943 -2.120567 0.718147 20.952050
1.890945 -2.127180 0.716766 21.007732
1.895948 -2.133800 0.715386 21.063417
1.900950 -2.140425 0.714008 21.119105
1.905953 -2.147056 0.712631 21.174796
1.910955 -2.153694 0.711255 21.230490
1.915958 -2.160337 0.709881 21.286186
1.920960 -2.166987 0.708508 21.341886
1.925963 -2.173643 0.707137 21.397589
1.930965 -2.180304 0.705767 21.453294
1.935968 -2.186972 0.704399 21.509003
1.940970 -2.193646 0.703033 21.564715
1.945973 -2.200325 0.701668 21.620430
1.950975 -2.207011 0.700305 21.676147
1.955978 -2.213703 0.698944 21.731868
1.960980 -2.220401 0.697584 21.787592
1.965983 -2.227105 0.696227 21.843319
1.970985 -2.233815 0.694871 21.899050
1.975988 -2.240531 0.693518 21.954783
1.980990 -2.247253 0.692167 22.010520
1.985993 -2.253981 0.690817 22.066259
1.990995 -2.260715 0.689470 22.122002
1.995998 -2.267454 0.688126 22.177748
2.001001 -2.274200 0.686783 22.233498
2.006003 -2.280952 0.685443 22.289250
2.011006 -2.287710 0.684105 22.345006
2.016008 -2.294474 0.682770 22.400765
2.021011 -2.301244 0.681437 22.456527
2.026013 -2.308020 0.680107 22.512292
2.031016 -2.314801 0.678780 22.568061
2.036018 -2.321589 0.677455 22.623833
2.041021 -2.328382 0.676133 22.679608
2.046023 -2.335182 0.674814 22.735387
2.051026 -2.341987 0.673497 22.791168
2.056028 -2.348799 0.672184 22.846953
2.061031 -2.355616 0.670873 22.902742
2.066033 -2.362439 0.669566 22.958534
2.071036 -2.369268 0.668261 23.014329
2.076038 -2.376103 0.666960 23.070127
2.081041 -2.382944 0.665662 23.125929
2.086043 -2.389790 0.664367 23.181734
2.091046 -2.396643 0.663076 23.237543
2.096048 -2.403501 0.661788 23.293355
2.101051 -2.410365 0.660503 23.349170
2.106053 -2.417235 0.659222 23.404989
2.111056 -2.424111 0.657944 23.460811
2.116058 -2.430992 0.656670 23.516636
2.121061 -2.437880 0.655400 23.572465
2.126063 -2.444773 0.654133 23.628298
2.131066 -2.451671 0.652870 23.684133
2.136068 -2.458576 0.651611 23.739972
2.141071 -2.465486 0.650356 23.795815
2.146073 -2.472402 0.649105 23.851661
2.151076 -2.479324 0.647858 23.907510
2.156078 -2.486252 0.646615 23.963363
2.161081 -2.493185 0.645376 24.019220
2.166083 -2.500124 0.644141 24.075079
2.171086 -2.507068 0.642910 24.130943
2.176088 -2.514018 0.641684 24.186809
2.181091 -2.520974 0.640462 24.242679
2.186093 -2.527935 0.639245 24.298553
2.191096 -2.534902 0.638032 24.354430
2.196098 -2.541875 0.636823 24.410310
2.201101 -2.548853 0.635619 24.466194
2.206103 -2.555836 0.634420 24.522082
2.211106 -2.562826 0.633225 24.577973
2.216108 -2.569820 0.632036 24.633867
2.221111 -2.576820 0.630851 24.689765
2.226113 -2.583826 0.629671 24.745666
2.231116 -2.590837 0.628496 24.801570
2.236118 -2.597854 0.627325 24.857478
2.241121 -2.604876 0.626160 24.913390
2.246123 -2.611903 0.625001 24.969305
2.251126 -2.618936 0.623846 25.025223
2.256128 -2.625974 0.622696 25.081145
2.261131 -2.633018 0.621552 25.137071
2.266133 -2.640067 0.620413 25.192999
2.271136 -2.647121 0.619280 25.248931
2.276138 -2.654181 0.618152 25.304867
2.281141 -2.661245 0.617030 25.360806
2.286143 -2.668315 0.615913 25.416748
2.291146 -2.675391 0.614802 25.472694
2.296148 -2.682471 0.613696 25.528643
2.301151 -2.689557 0.612596 25.584596
2.306153 -2.696648 0.611502 25.640552
2.311156 -2.703744 0.610414 25.696511
2.316158 -2.710845 0.609332 25.752474
2.321161 -2.717951 0.608256 25.808440
2.326163 -2.725062 0.607186 25.864410
2.331166 -2.732179 0.606122 25.920383
2.336168 -2.739300 0.605064 25.976359
2.341171 -2.746426 0.604013 26.032338
2.346173 -2.753558 0.602968 26.088321
2.351176 -2.760694 0.601929 26.144307
2.356178 -2.767835 0.600896 26.200297
2.361181 -2.774981 0.599870 26.256290
2.366183 -2.782132 0.598850 26.312286
2.371186 -2.789288 0.597837 26.368285
2.376188 -2.796449 0.596831 26.424288
2.381191 -2.803614 0.595831 26.480293
2.386193 -2.810784 0.594838 26.536302
2.391196 -2.817959 0.593852 26.592315
2.396198 -2.825139 0.592872 26.648330
2.401201 -2.832323 0.591900 26.704349
2.406203 -2.839513 0.590934 26.760371
2.411206 -2.846706 0.589976 26.816396
2.416208 -2.853904 0.589024 26.872424
2.421211 -2.861107 0.588080 26.928455
2.426213 -2.868315 0.587142 26.984490
2.431216 -2.875526 0.586212 27.040527
2.436218 -2.882743 0.585290 27.096568
2.441221 -2.889964 0.584374 27.152612
2.446223 -2.897189 0.583466 27.208658
2.451226 -2.904418 0.582565 27.264708
2.456228 -2.911652 0.581672 27.320761
2.461231 -2.918890 0.580786 27.376817
2.466233 -2.926133 0.579908 27.432876
2.471236 -2.933380 0.579038 27.488938
2.476238 -2.940631 0.578175 27.545002
2.481241 -2.947886 0.577320 27.601070
2.486243 -2.955145 0.576473 27.657141
2.491246 -2.962409 0.575633 27.713214
2.496248 -2.969676 0.574802 27.769291
2.501251 -2.976948 0.573978 27.825370
2.506253 -2.984223 0.573162 27.881452
2.511256 -2.991503 0.572355 27.937537
2.516258 -2.998786 0.571555 27.993624
2.521261 -3.006074 0.570764 28.049715
2.526263 -3.013365 0.569981 28.105808
2.531266 -3.020660 0.569206 28.161904
2.536268 -3.027959 0.568439 28.218002
2.541271 -3.035262 0.567680 28.274104
2.546273 -3.042568 0.566930 28.330207
2.551276 -3.049878 0.566188 28.386314
2.556278 -3.057191 0.565455 28.442423
2.561281 -3.064509 0.564730 28.498535
2.566283 -3.071829 0.564014 28.554649
2.571286 -3.079154 0.563307 28.610766
2.576288 -3.086482 0.562608 28.666885
2.581291 -3.093813 0.561917 28.723007
2.586293 -3.101147 0.561235 28.779131
2.591296 -3.108485 0.560563 28.835257
2.596298 -3.115827 0.559898 28.891386
2.601301 -3.123171 0.559243 28.947518
2.606303 -3.130519 0.558597 29.003652
2.611306 -3.137870 0.557959 29.059788
2.616308 -3.145224 0.557331 29.115926
2.621311 -3.152581 0.556711 29.172066
2.626313 -3.159942 0.556101 29.228209
2.631316 -3.167305 0.555499 29.284354
2.636318 -3.174671 0.554907 29.340501
2.641321 -3.182041 0.554324 29.396650
2.646323 -3.189413 0.553750 29.452802
2.651326 -3.196788 0.553185 29.508955
2.656328 -3.204166 0.552629 29.565111
2.661331 -3.211546 0.552083 29.621268
2.666333 -3.218929 0.551546 29.677428
2.671336 -3.226315 0.551018 29.733589
2.676338 -3.233704 0.550500 29.789752
2.681341 -3.241095 0.549991 29.845918
2.686343 -3.248489 0.549492 29.902085
2.691346 -3.255885 0.549002 29.958254
2.696348 -3.263283 0.548522 30.014424
2.701351 -3.270684 0.548051 30.070597
2.706353 -3.278088 0.547590 30.126771
2.711356 -3.285493 0.547138 30.182947
2.716358 -3.292901 0.546696 30.239124
2.721361 -3.300311 0.546264 30.295304
2.726363 -3.307723 0.545842 30.351484
2.731366 -3.315138 0.545429 30.407667
2.736368 -3.322554 0.545026 30.463850
2.741371 -3.329972 0.544632 30.520036
2.746373 -3.337393 0.544249 30.576222
2.751376 -3.344815 0.543875 30.632410
2.756378 -3.352239 0.543511 30.688600
2.761381 -3.359665 0.543157 30.744791
2.766383 -3.367093 0.542813 30.800983
2.771386 -3.374522 0.542479 30.857177
2.776388 -3.381953 0.542155 30.913371
2.781391 -3.389386 0.541840 30.969567
2.786393 -3.396820 0.541536 31.025764
2.791396 -3.404256 0.541242 31.081962
2.796398 -3.411693 0.540958 31.138162
2.801401 -3.419132 0.540683 31.194362
2.806403 -3.426572 0.540419 31.250563
2.811406 -3.434013 0.540165 31.306765
2.816408 -3.441456 0.539921 31.362969
2.821411 -3.448900 0.539687 31.419173
2.826413 -3.456345 0.539463 31.475378
2.831416 -3.463791 0.539250 31.531584
2.836418 -3.471238 0.539046 31.587790
2.841421 -3.478686 0.538853 31.643998
2.846423 -3.486135 0.538670 31.700206
2.851426 -3.493585 0.538497 31.756415
2.856428 -3.501036 0.538334 31.812624
2.861431 -3.508488 0.538181 31.868834
2.866433 -3.515940 0.538039 31.925044
2.871436 -3.523393 0.537907 31.981256
2.876438 -3.530847 0.537785 32.037467
2.881441 -3.538301 0.537674 32.093679
2.886443 -3.545756 0.537572 32.149891
2.891446 -3.553212 0.537481 32.206104
2.896448 -3.560667 0.537400 32.262317
2.901451 -3.568124 0.537330 32.318531
2.906453 -3.575580 0.537270 32.374744
2.911456 -3.583037 0.537220 32.430958
2.916458 -3.590494 0.537180 32.487172
2.921461 -3.597951 0.537151 32.543386
2.926463 -3.605409 0.537131 32.599601
2.931466 -3.612866 0.537123 32.655815
2.936468 -3.620323 0.537124 32.712029
2.941471 -3.627781 0.537136 32.768243
2.946473 -3.635238 0.537158 32.824458
2.951476 -3.642695 0.537190 32.880672
2.956478 -3.650152 0.537233 32.936886
2.961481 -3.657609 0.537286 32.993100
2.966483 -3.665065 0.537349 33.049313
2.971486 -3.672522 0.537423 33.105526
2.976488 -3.679977 0.537506 33.161739
2.981491 -3.687433 0.537600 33.217952
2.986493 -3.694887 0.537705 33.274164
2.991496 -3.702341 0.537819 33.330376
2.996498 -3.709795 0.537944 33.386588
3.001501 -3.717248 0.538079 33.442799
3.006503 -3.724700 0.538224 33.499009
3.011506 -3.732152 0.538380 33.555219
3.016508 -3.739602 0.538545 33.611428
3.021511 -3.747052 0.538721 33.667637
3.026513 -3.754501 0.538907 33.723844
3.031516 -3.761949 0.539104 33.780052
3.036518 -3.769396 0.539310 33.836258
3.041521 -3.776841 0.539527 33.892464
3.046523 -3.784286 0.539753 33.948668
3.051526 -3.791729 0.539990 34.004872
3.056528 -3.799172 0.540237 34.061075
3.061531 -3.806613 0.540494 34.117277
3.066533 -3.814052 0.540761 34.173478
3.071536 -3.821491 0.541038 34.229678
3.076538 -3.828927 0.541325 34.285877
3.081541 -3.836363 0.541622 34.342075
3.086543 -3.843797 0.541930 34.398272
3.091546 -3.851229 0.542247 34.454467
3.096548 -3.858659 0.542574 34.510662
3.101551 -3.866088 0.542911 34.566855
3.106553 -3.873515 0.543258 34.623047
3.111556 -3.880941 0.543615 34.679237
3.116558 -3.888364 0.543981 34.735426
3.121561 -3.895786 0.544358 34.791614
3.126563 -3.903206 0.544744 34.847800
3.131566 -3.910624 0.545140 34.903985
3.136568 -3.918040 0.545546 34.960168
3.141571 -3.925453 0.545962 35.016350
3.146573 -3.932865 0.546387 35.072531
3.151576 -3.940274 0.546822 35.128709
3.156578 -3.947681 0.547267 35.184886
3.161581 -3.955086 0.547721 35.241062
3.166583 -3.962489 0.548185 35.297235
3.171586 -3.969889 0.548659 35.353407
3.176588 -3.977287 0.549142 35.409578
3.181591 -3.984683 0.549634 35.465746
3.186593 -3.992076 0.550136 35.521912
3.191596 -3.999466 0.550648 35.578077
3.196598 -4.006854 0.551169 35.634240
3.201601 -4.014239 0.551699 35.690401
3.206603 -4.021621 0.552239 35.746560
3.211606 -4.029001 0.552788 35.802717
3.216608 -4.036378 0.553346 35.858872
3.221611 -4.043752 0.553913 35.915024
3.226613 -4.051124 0.554490 35.971175
3.231616 -4.058492 0.555076 36.027324
3.236618 -4.065858 0.555671 36.083470
3.241621 -4.073220 0.556275 36.139615
3.246623 -4.080579 0.556888 36.195757
3.251626 -4.087936 0.557510 36.251897
3.256628 -4.095289 0.558141 36.308034
3.261631 -4.102639 0.558781 36.364170
3.266633 -4.109986 0.559430 36.420303
3.271636 -4.117330 0.560088 36.476433
3.276638 -4.124670 0.560755 36.532562
3.281641 -4.132007 0.561430 36.588688
3.286643 -4.139341 0.562114 36.644811
3.291646 -4.146671 0.562807 36.700932
3.296648 -4.153998 0.563509 36.757051
3.301651 -4.161321 0.564219 36.813167
3.306653 -4.168641 0.564938 36.869280
3.311656 -4.175957 0.565665 36.925391
3.316658 -4.183270 0.566401 36.981499
3.321661 -4.190579 0.567145 37.037605
3.326663 -4.197884 0.567897 37.093708
3.331666 -4.205185 0.568658 37.149809
3.336668 -4.212483 0.569427 37.205907
3.341671 -4.219777 0.570205 37.262002
3.346673 -4.227067 0.570990 37.318094
3.351676 -4.234353 0.571784 37.374184
3.356678 -4.241636 0.572586 37.430271
3.361681 -4.248914 0.573396 37.486355
3.366683 -4.256189 0.574214 37.542436
3.371686 -4.263459 0.575040 37.598514
3.376688 -4.270725 0.575873 37.654590
3.381691 -4.277988 0.576715 37.710662
3.386693 -4.285246 0.577565 37.766732
3.391696 -4.292500 0.578422 37.822799
3.396698 -4.299750 0.579287 37.878863
3.401701 -4.306995 0.580160 37.934924
3.406703 -4.314236 0.581040 37.990982
3.411706 -4.321473 0.581928 38.047037
3.416708 -4.328706 0.582823 38.103089
3.421711 -4.335934 0.583726 38.159138
3.426713 -4.343158 0.584636 38.215184
3.431716 -4.350378 0.585554 38.271227
3.436718 -4.357593 0.586479 38.327266
3.441721 -4.364803 0.587411 38.383303
3.446723 -4.372010 0.588350 38.439337
3.451726 -4.379211 0.589297 38.495367
3.456728 -4.386408 0.590250 38.551394
3.461731 -4.393600 0.591211 38.607418
3.466733 -4.400788 0.592178 38.663439
3.471736 -4.407971 0.593153 38.719457
3.476738 -4.415149 0.594134 38.775472
3.481741 -4.422323 0.595122 38.831483
3.486743 -4.429492 0.596117 38.887491
3.491746 -4.436656 0.597119 38.943496
3.496748 -4.443815 0.598127 38.999498
3.501751 -4.450970 0.599142 39.055496
3.506753 -4.458119 0.600164 39.111491
3.511756 -4.465264 0.601192 39.167483
3.516758 -4.472404 0.602226 39.223471
3.521761 -4.479539 0.603267 39.279457
3.526763 -4.486669 0.604314 39.335439
3.531766 -4.493794 0.605367 39.391417
3.536768 -4.500913 0.606427 39.447392
3.541771 -4.508028 0.607493 39.503364
3.546773 -4.515138 0.608564 39.559333
3.551776 -4.522243 0.609642 39.615298
3.556778 -4.529343 0.610726 39.671260
3.561781 -4.536437 0.611816 39.727218
3.566783 -4.543526 0.612911 39.783173
3.571786 -4.550611 0.614013 39.839125
3.576788 -4.557690 0.615120 39.895073
3.581791 -4.564763 0.616233 39.951018
3.586793 -4.571832 0.617351 40.006959
3.591796 -4.578895 0.618475 40.062897
3.596798 -4.585953 0.619605 40.118832
3.601801 -4.593006 0.620740 40.174763
3.606803 -4.600053 0.621880 40.230691
3.611806 -4.607095 0.623026 40.286615
3.616808 -4.614132 0.624177 40.342536
3.621811 -4.621163 0.625333 40.398454
3.626813 -4.628189 0.626494 40.454368
3.631816 -4.635209 0.627661 40.510278
3.636818 -4.642225 0.628832 40.566185
3.641821 -4.649234 0.630009 40.622089
3.646823 -4.656238 0.631190 40.677989
3.651826 -4.663237 0.632377 40.733886
3.656828 -4.670230 0.633568 40.789779
3.661831 -4.677218 0.634764 40.845669
3.666833 -4.684200 0.635964 40.901555
3.671836 -4.691176 0.637169 40.957438
3.676838 -4.698147 0.638379 41.013318
3.681841 -4.705112 0.639594 41.069194
3.686843 -4.712072 0.640812 41.125066
3.691846 -4.719026 0.642035 41.180935
3.696848 -4.725975 0.643263 41.236801
3.701851 -4.732918 0.644495 41.292663
3.706853 -4.739855 0.645731 41.348522
3.711856 -4.746786 0.646971 41.404377
3.716858 -4.753712 0.648215 41.460229
3.721861 -4.760632 0.649464 41.516078
3.726863 -4.767547 0.650716 41.571923
3.731866 -4.774455 0.651972 41.627764
3.736868 -4.781358 0.653232 41.683602
3.741871 -4.788255 0.654496 41.739437
3.746873 -4.795147 0.655764 41.795269
3.751876 -4.802032 0.657036 41.851096
3.756878 -4.808912 0.658311 41.906921
3.761881 -4.815786 0.659589 41.962742
3.766883 -4.822655 0.660871 42.018560
3.771886 -4.829517 0.662157 42.074374
3.776888 -4.836374 0.663446 42.130185
3.781891 -4.843224 0.664739 42.185993
3.786893 -4.850069 0.666034 42.241797
3.791896 -4.856908 0.667333 42.297598
3.796898 -4.863742 0.668635 42.353395
3.801901 -4.870569 0.669941 42.409189
3.806903 -4.877390 0.671249 42.464980
3.811906 -4.884206 0.672560 42.520768
3.816908 -4.891016 0.673875 42.576552
3.821911 -4.897819 0.675192 42.632333
3.826913 -4.904617 0.676512 42.688110
3.831916 -4.911409 0.677835 42.743885
3.836918 -4.918195 0.679160 42.799656
3.841921 -4.924975 0.680489 42.855423
3.846923 -4.931749 0.681820 42.911188
3.851926 -4.938517 0.683153 42.966949
3.856928 -4.945279 0.684489 43.022707
3.861931 -4.952035 0.685827 43.078462
3.866933 -4.958785 0.687168 43.134213
3.871936 -4.965530 0.688511 43.189962
3.876938 -4.972268 0.689857 43.245707
3.881941 -4.979000 0.691204 43.301449
3.886943 -4.985726 0.692554 43.357188
3.891946 -4.992446 0.693906 43.412923
3.896948 -4.999161 0.695260 43.468656
3.901951 -5.005869 0.696616 43.524385
3.906953 -5.012571 0.697974 43.580111
3.911956 -5.019267 0.699334 43.635834
3.916958 -5.025957 0.700696 43.691555
3.921961 -5.032641 0.702059 43.747271
3.926963 -5.039319 0.703425 43.802985
3.931966 -5.045991 0.704792 43.858696
3.936968 -5.052657 0.706160 43.914404
3.941971 -5.059317 0.707530 43.970109
3.946973 -5.065971 0.708902 44.025811
3.951976 -5.072619 0.710275 44.081509
3.956978 -5.079261 0.711650 44.137205
3.961981 -5.085897 0.713026 44.192898
3.966983 -5.092526 0.714404 44.248588
3.971986 -5.099150 0.715782 44.304275
3.976988 -5.105767 0.717162 44.359959
3.981991 -5.112379 0.718543 44.415640
3.986993 -5.118984 0.719925 44.471319
3.991996 -5.125584 0.721309 44.526994
3.996998 -5.132177 0.722693 44.582667
4.002001 -5.138764 0.724078 44.638337
4.007004 -5.145345 0.725464 44.694004
4.012006 -5.151920 0.726851 44.749668
4.017009 -5.158489 0.728239 44.805329
4.022011 -5.165052 0.729628 44.860988
4.027014 -5.171609 0.731017 44.916644
4.032016 -5.178160 0.732407 44.972297
4.037019 -5.184704 0.733798 45.027947
4.042021 -5.191243 0.735189 45.083595
4.047024 -5.197775 0.736581 45.139240
4.052026 -5.204302 0.737973 45.194883
4.057029 -5.210822 0.739366 45.250522
4.062031 -5.217337 0.740759 45.306160
4.067034 -5.223845 0.742153 45.361794
4.072036 -5.230347 0.743546 45.417426
4.077039 -5.236843 0.744940 45.473056
4.082041 -5.243333 0.746335 45.528683
4.087044 -5.249817 0.747729 45.584307
4.092046 -5.256295 0.749123 45.639929
4.097049 -5.262767 0.750518 45.695548
4.102051 -5.269232 0.751913 45.751165
4.107054 -5.275692 0.753307 45.806780
4.112056 -5.282146 0.754701 45.862392
4.117059 -5.288593 0.756096 45.918002
4.122061 -5.295034 0.757490 45.973609
4.127064 -5.301470 0.758884 46.029214
4.132066 -5.307899 0.760278 46.084817
4.137069 -5.314323 0.761671 46.140417
4.142071 -5.320740 0.763064 46.196015
4.147074 -5.327151 0.764457 46.251611
4.152076 -5.333556 0.765849 46.307205
4.157079 -5.339955 0.767241 46.362796
4.162081 -5.346348 0.768632 46.418385
4.167084 -5.352735 0.770023 46.473972
4.172086 -5.359116 0.771413 46.529557
4.177089 -5.365491 0.772803 46.585139
4.182091 -5.371860 0.774192 46.640720
4.187094 -5.378223 0.775580 46.696298
4.192096 -5.384580 0.776967 46.751874
4.197099 -5.390930 0.778354 46.807448
4.202101 -5.397275 0.779740 46.863021
4.207104 -5.403614 0.781124 46.918591
4.212106 -5.409947 0.782508 46.974159
4.217109 -5.416274 0.783891 47.029725
4.222111 -5.422594 0.785273 47.085289
4.227114 -5.428909 0.786654 47.140851
4.232116 -5.435218 0.788034 47.196412
4.237119 -5.441521 0.789413 47.251970
4.242121 -5.447817 0.790791 47.307527
4.247124 -5.454108 0.792167 47.363082
4.252126 -5.460393 0.793542 47.418635
4.257129 -5.466672 0.794916 47.474186
4.262131 -5.472945 0.796289 47.529735
4.267134 -5.479211 0.797660 47.585283
4.272136 -5.485472 0.799030 47.640829
4.277139 -5.491727 0.800398 47.696373
4.282141 -5.497976 0.801765 47.751916
4.287144 -5.504219 0.803131 47.807457
4.292146 -5.510456 0.804495 47.862996
4.297149 -5.516688 0.805857 47.918534
4.302151 -5.522913 0.807218 47.974070
4.307154 -5.529132 0.808577 48.029604
4.312156 -5.535345 0.809935 48.085137
4.317159 -5.541553 0.811291 48.140669
4.322161 -5.547754 0.812645 48.196199
4.327164 -5.553950 0.813997 48.251727
4.332166 -5.560140 0.815348 48.307254
4.337169 -5.566323 0.816696 48.362780
4.342171 -5.572501 0.818043 48.418304
4.347174 -5.578673 0.819388 48.473827
4.352176 -5.584839 0.820731 48.529348
4.357179 -5.591000 0.822072 48.584868
4.362181 -5.597154 0.823411 48.640387
4.367184 -5.603303 0.824748 48.695904
4.372186 -5.609445 0.826083 48.751421
4.377189 -5.615582 0.827415 48.806936
4.382191 -5.621713 0.828746 48.862449
4.387194 -5.627838 0.830074 48.917962
4.392196 -5.633957 0.831401 48.973473
4.397199 -5.640070 0.832725 49.028984
4.402201 -5.646178 0.834046 49.084493
4.407204 -5.652280 0.835366 49.140001
4.412206 -5.658376 0.836683 49.195508
4.417209 -5.664466 0.837998 49.251014
4.422211 -5.670550 0.839310 49.306518
4.427214 -5.676629 0.840620 49.362022
4.432216 -5.682701 0.841928 49.417525
4.437219 -5.688768 0.843233 49.473027
4.442221 -5.694829 0.844536 49.528528
4.447224 -5.700885 0.845836 49.584028
4.452226 -5.706934 0.847133 49.639527
4.457229 -5.712978 0.848428 49.695025
4.462231 -5.719016 0.849721 49.750523
4.467234 -5.725048 0.851010 49.806020
4.472236 -5.731075 0.852297 49.861515
4.477239 -5.737096 0.853582 49.917010
4.482241 -5.743111 0.854863 49.972505
4.487244 -5.749120 0.856142 50.027998
4.492246 -5.755124 0.857418 50.083491
4.497249 -5.761122 0.858691 50.138983
4.502251 -5.767114 0.859962 50.194474
4.507254 -5.773101 0.861230 50.249965
4.512256 -5.779082 0.862494 50.305456
4.517259 -5.785057 0.863756 50.360945
4.522261 -5.791026 0.865015 50.416434
4.527264 -5.796990 0.866271 50.471923
4.532266 -5.802949 0.867524 50.527411
4.537269 -5.808901 0.868774 50.582898
4.542271 -5.814848 0.870021 50.638385
4.547274 -5.820789 0.871264 50.693871
4.552276 -5.826725 0.872505 50.749357
4.557279 -5.832655 0.873743 50.804843
4.562281 -5.838579 0.874977 50.860328
4.567284 -5.844498 0.876209 50.915813
4.572286 -5.850411 0.877437 50.971298
4.577289 -5.856319 0.878662 51.026782
4.582291 -5.862221 0.879884 51.082266
4.587294 -5.868117 0.881102 51.137749
4.592296 -5.874008 0.882318 51.193232
4.597299 -5.879893 0.883530 51.248716
4.602301 -5.885773 0.884738 51.304198
4.607304 -5.891647 0.885944 51.359681
4.612306 -5.897516 0.887146 51.415163
4.617309 -5.903379 0.888344 51.470646
4.622311 -5.909237 0.889539 51.526128
4.627314 -5.915089 0.890731 51.581610
4.632316 -5.920935 0.891919 51.637092
4.637319 -5.926776 0.893104 51.692574
4.642321 -5.932612 0.894286 51.748056
4.647324 -5.938442 0.895464 51.803537
4.652326 -5.944267 0.896638 51.859019
4.657329 -5.950086 0.897809 51.914501
4.662331 -5.955899 0.898976 51.969983
4.667334 -5.961708 0.900140 52.025464
4.672336 -5.967510 0.901300 52.080946
4.677339 -5.973308 0.902456 52.136428
4.682341 -5.979100 0.903609 52.191911
4.687344 -5.984886 0.904758 52.247393
4.692346 -5.990668 0.905903 52.302875
4.697349 -5.996443 0.907045 52.358358
4.702351 -6.002214 0.908183 52.413841
4.707354 -6.007979 0.909317 52.469323
4.712356 -6.013738 0.910448 52.524807
4.717359 -6.019492 0.911575 52.580290
4.722361 -6.025241 0.912697 52.635774
4.727364 -6.030985 0.913817 52.691258
4.732366 -6.036723 0.914932 52.746742
4.737369 -6.042456 0.916043 52.802227
4.742371 -6.048184 0.917151 52.857712
4.747374 -6.053906 0.918255 52.913197
4.752376 -6.059623 0.919354 52.968683
4.757379 -6.065335 0.920450 53.024169
4.762381 -6.071041 0.921542 53.079655
4.767384 -6.076742 0.922630 53.135142
4.772386 -6.082438 0.923714 53.190630
4.777389 -6.088129 0.924794 53.246118
4.782391 -6.093814 0.925870 53.301606
4.787394 -6.099495 0.926942 53.357095
4.792396 -6.105170 0.928010 53.412584
4.797399 -6.110840 0.929074 53.468074
4.802401 -6.116504 0.930134 53.523565
4.807404 -6.122164 0.931190 53.579056
4.812406 -6.127818 0.932242 53.634547
4.817409 -6.133467 0.933289 53.690039
4.822411 -6.139111 0.934333 53.745532
4.827414 -6.144750 0.935372 53.801026
4.832416 -6.150383 0.936407 53.856520
4.837419 -6.156012 0.937438 53.912015
4.842421 -6.161636 0.938465 53.967510
4.847424 -6.167254 0.939488 54.023007
4.852426 -6.172867 0.940506 54.078504
4.857429 -6.178475 0.941521 54.134001
4.862431 -6.184079 0.942531 54.189500
4.867434 -6.189677 0.943536 54.244999
4.872436 -6.195270 0.944538 54.300499
4.877439 -6.200858 0.945535 54.356000
4.882441 -6.206441 0.946528 54.411501
4.887444 -6.212019 0.947516 54.467004
4.892446 -6.217592 0.948501 54.522507
4.897449 -6.223160 0.949481 54.578011
4.902451 -6.228723 0.950456 54.633516
4.907454 -6.234282 0.951427 54.689022
4.912456 -6.239835 0.952394 54.744529
4.917459 -6.245383 0.953357 54.800036
4.922461 -6.250926 0.954315 54.855545
4.927464 -6.256465 0.955269 54.911054
4.932466 -6.261999 0.956218 54.966565
4.937469 -6.267527 0.957163 55.022076
4.942471 -6.273051 0.958103 55.077589
4.947474 -6.278570 0.959039 55.133102
4.952476 -6.284084 0.959970 55.188617
4.957479 -6.289594 0.960897 55.244132
4.962481 -6.295098 0.961820 55.299648
4.967484 -6.300598 0.962738 55.355166
4.972486 -6.306093 0.963651 55.410684
4.977489 -6.311583 0.964560 55.466204
4.982491 -6.317069 0.965464 55.521725
4.987494 -6.322550 0.966364 55.577246
4.992496 -6.328026 0.967260 55.632769
4.997499 -6.333497 0.968150 55.688293
5.002501 -6.338963 0.969036 55.743818
5.007504 -6.344425 0.969918 55.799344
5.012506 -6.349883 0.970795 55.854872
5.017509 -6.355335 0.971667 55.910400
5.022511 -6.360783 0.972535 55.965930
5.027514 -6.366227 0.973398 56.021460
5.032516 -6.371665 0.974257 56.076992
5.037519 -6.377100 0.975110 56.132525
5.042521 -6.382529 0.975959 56.188060
5.047524 -6.387954 0.976804 56.243595
5.052526 -6.393375 0.977644 56.299132
5.057529 -6.398791 0.978479 56.354670
5.062531 -6.404202 0.979309 56.410209
5.067534 -6.409609 0.980135 56.465749
5.072536 -6.415012 0.980956 56.521291
5.077539 -6.420410 0.981772 56.576834
5.082541 -6.425803 0.982584 56.632378
5.087544 -6.431192 0.983390 56.687923
5.092546 -6.436577 0.984192 56.743470
5.097549 -6.441957 0.984990 56.799018
5.102551 -6.447333 0.985782 56.854567
5.107554 -6.452705 0.986570 56.910118
5.112556 -6.458072 0.987353 56.965669
5.117559 -6.463435 0.988131 57.021222
5.122561 -6.468794 0.988904 57.076777
5.127564 -6.474148 0.989673 57.132333
5.132566 -6.479499 0.990436 57.187890
5.137569 -6.484844 0.991195 57.243448
5.142571 -6.490186 0.991949 57.299008
5.147574 -6.495523 0.992698 57.354569
5.152576 -6.500857 0.993442 57.410131
5.157579 -6.506186 0.994182 57.465695
5.162581 -6.511511 0.994916 57.521260
5.167584 -6.516831 0.995646 57.576826
5.172586 -6.522148 0.996371 57.632394
5.177589 -6.527460 0.997091 57.687963
5.182591 -6.532769 0.997806 57.743533
5.187594 -6.538073 0.998516 57.799105
5.192596 -6.543374 0.999221 57.854678
5.197599 -6.548670 0.999921 57.910253
5.202601 -6.553962 1.000617 57.965829
5.207604 -6.559251 1.001307 58.021406
5.212606 -6.564535 1.001993 58.076985
5.217609 -6.569816 1.002673 58.132565
5.222611 -6.575092 1.003349 58.188146
5.227614 -6.580365 1.004019 58.243729
5.232616 -6.585634 1.004685 58.299313
5.237619 -6.590899 1.005345 58.354898
5.242621 -6.596160 1.006001 58.410485
5.247624 -6.601417 1.006652 58.466073
5.252626 -6.606670 1.007297 58.521663
5.257629 -6.611920 1.007938 58.577254
5.262631 -6.617166 1.008574 58.632847
5.267634 -6.622408 1.009204 58.688440
5.272636 -6.627647 1.009830 58.744035
5.277639 -6.632882 1.010451 58.799632
5.282641 -6.638113 1.011066 58.855230
5.287644 -6.643341 1.011677 58.910829
5.292646 -6.648565 1.012282 58.966430
5.297649 -6.653785 1.012883 59.022032
5.302651 -6.659002 1.013478 59.077635
5.307654 -6.664215 1.014068 59.133240
5.312656 -6.669425 1.014654 59.188846
5.317659 -6.674632 1.015234 59.244454
5.322661 -6.679835 1.015809 59.300062
5.327664 -6.685034 1.016379 59.355673
5.332666 -6.690230 1.016944 59.411284
5.337669 -6.695423 1.017504 59.466897
5.342671 -6.700612 1.018059 59.522511
5.347674 -6.705798 1.018608 59.578127
5.352676 -6.710980 1.019153 59.633744
5.357679 -6.716160 1.019692 59.689362
5.362681 -6.721336 1.020226 59.744982
5.367684 -6.726509 1.020756 59.800602
5.372686 -6.731678 1.021280 59.856225
5.377689 -6.736845 1.021799 59.911848
5.382691 -6.742008 1.022312 59.967473
5.387694 -6.747168 1.022821 60.023099
5.392696 -6.752325 1.023325 60.078726
5.397699 -6.757479 1.023823 60.134355
5.402701 -6.762630 1.024316 60.189985
5.407704 -6.767778 1.024804 60.245616
5.412706 -6.772923 1.025287 60.301249
5.417709 -6.778064 1.025765 60.356883
5.422711 -6.783203 1.026237 60.412518
5.427714 -6.788339 1.026705 60.468154
5.432716 -6.793473 1.027167 60.523791
5.437719 -6.798603 1.027624 60.579430
5.442721 -6.803730 1.028075 60.635070
5.447724 -6.808855 1.028522 60.690711
5.452726 -6.813977 1.028963 60.746354
5.457729 -6.819096 1.029400 60.801997
5.462731 -6.824212 1.029831 60.857642
5.467734 -6.829326 1.030256 60.913288
5.472736 -6.834437 1.030677 60.968935
5.477739 -6.839545 1.031092 61.024583
5.482741 -6.844651 1.031502 61.080233
5.487744 -6.849754 1.031907 61.135883
5.492746 -6.854855 1.032307 61.191535
5.497749 -6.859953 1.032701 61.247188
5.502751 -6.865049 1.033091 61.302842
5.507754 -6.870142 1.033475 61.358497
5.512756 -6.875233 1.033853 61.414153
5.517759 -6.880321 1.034227 61.469810
5.522761 -6.885407 1.034595 61.525468
5.527764 -6.890491 1.034958 61.581128
5.532766 -6.895572 1.035316 61.636788
5.537769 -6.900651 1.035668 61.692450
5.542771 -6.905728 1.036015 61.748112
5.547774 -6.910803 1.036357 61.803775
5.552776 -6.915875 1.036694 61.859440
5.557779 -6.920945 1.037026 61.915105
5.562781 -6.926014 1.037352 61.970772
5.567784 -6.931080 1.037673 62.026439
5.572786 -6.936144 1.037988 62.082107
5.577789 -6.941206 1.038299 62.137777
5.582791 -6.946266 1.038604 62.193447
5.587794 -6.951324 1.038903 62.249118
5.592796 -6.956380 1.039198 62.304790
5.597799 -6.961434 1.039487 62.360463
5.602801 -6.966487 1.039771 62.416137
5.607804 -6.971537 1.040049 62.471811
5.612806 -6.976586 1.040323 62.527487
5.617809 -6.981633 1.040591 62.583163
5.622811 -6.986678 1.040853 62.638840
5.627814 -6.991722 1.041111 62.694518
5.632816 -6.996764 1.041363 62.750197
5.637819 -7.001804 1.041610 62.805876
5.642821 -7.006843 1.041851 62.861556
5.647824 -7.011880 1.042087 62.917237
5.652826 -7.016915 1.042318 62.972919
5.657829 -7.021949 1.042544 63.028602
5.662831 -7.026982 1.042764 63.084285
5.667834 -7.032013 1.042979 63.139968
5.672836 -7.037043 1.043188 63.195653
5.677839 -7.042071 1.043393 63.251338
5.682841 -7.047098 1.043592 63.307024
5.687844 -7.052124 1.043785 63.362710
5.692846 -7.057149 1.043973 63.418397
5.697849 -7.062172 1.044156 63.474085
5.702851 -7.067194 1.044334 63.529773
5.707854 -7.072215 1.044506 63.585462
5.712856 -7.077235 1.044673 63.641151
5.717859 -7.082254 1.044835 63.696841
5.722861 -7.087271 1.044991 63.752531
5.727864 -7.092288 1.045142 63.808222
5.732866 -7.097304 1.045288 63.863913
5.737869 -7.102319 1.045428 63.919605
5.742871 -7.107332 1.045563 63.975297
5.747874 -7.112345 1.045692 64.030990
5.752876 -7.117357 1.045817 64.086683
5.757879 -7.122369 1.045935 64.142376
5.762881 -7.127379 1.046049 64.198070
5.767884 -7.132389 1.046157 64.253764
5.772886 -7.137398 1.046260 64.309458
5.777889 -7.142407 1.046358 64.365153
5.782891 -7.147414 1.046450 64.420848
5.787894 -7.152422 1.046537 64.476544
5.792896 -7.157428 1.046618 64.532239
5.797899 -7.162434 1.046694 64.587935
5.802901 -7.167440 1.046765 64.643632
5.807904 -7.172445 1.046830 64.699328
5.812906 -7.177450 1.046890 64.755025
5.817909 -7.182454 1.046945 64.810721
5.822911 -7.187458 1.046994 64.866418
5.827914 -7.192462 1.047038 64.922115
5.832916 -7.197465 1.047077 64.977813
5.837919 -7.202469 1.047110 65.033510
5.842921 -7.207472 1.047138 65.089208
5.847924 -7.212474 1.047161 65.144905
5.852926 -7.217477 1.047178 65.200603
5.857929 -7.222480 1.047190 65.256300
5.862931 -7.227482 1.047196 65.311998
5.867934 -7.232485 1.047197 65.367696
5.872936 -7.237487 1.047193 65.423393
5.877939 -7.242490 1.047184 65.479091
5.882941 -7.247492 1.047169 65.534789
5.887944 -7.252495 1.047148 65.590486
5.892946 -7.257498 1.047123 65.646184
5.897949 -7.262501 1.047092 65.701881
5.902951 -7.267505 1.047055 65.757579
5.907954 -7.272508 1.047014 65.813276
5.912956 -7.277512 1.046967 65.868973
5.917959 -7.282516 1.046914 65.924670
5.922961 -7.287521 1.046856 65.980366
5.927964 -7.292526 1.046793 66.036063
5.932966 -7.297531 1.046725 66.091759
5.937969 -7.302537 1.046651 66.147455
5.942971 -7.307544 1.046572 66.203151
5.947974 -7.312551 1.046487 66.258847
5.952976 -7.317558 1.046397 66.314542
5.957979 -7.322566 1.046302 66.370237
5.962981 -7.327575 1.046202 66.425931
5.967984 -7.332585 1.046096 66.481626
5.972986 -7.337595 1.045984 66.537320
5.977989 -7.342606 1.045868 66.593013
5.982991 -7.347618 1.045746 66.648706
5.987994 -7.352630 1.045619 66.704399
5.992996 -7.357644 1.045486 66.760091
5.997999 -7.362658 1.045348 66.815783
6.003002 -7.367673 1.045205 66.871475
6.008004 -7.372689 1.045056 66.927166
6.013007 -7.377707 1.044902 66.982856
6.018009 -7.382725 1.044743 67.038546
6.023012 -7.387744 1.044578 67.094236
6.028014 -7.392765 1.044408 67.149925
6.033017 -7.397787 1.044233 67.205613
6.038019 -7.402809 1.044052 67.261301
6.043022 -7.407833 1.043866 67.316988
6.048024 -7.412859 1.043675 67.372675
6.053027 -7.417885 1.043478 67.428361
6.058029 -7.422913 1.043276 67.484046
6.063032 -7.427942 1.043069 67.539731
6.068034 -7.432973 1.042856 67.595415
6.073037 -7.438005 1.042638 67.651099
6.078039 -7.443038 1.042415 67.706781
6.083042 -7.448073 1.042186 67.762463
6.088044 -7.453110 1.041952 67.818145
6.093047 -7.458148 1.041713 67.873825
6.098049 -7.463187 1.041469 67.929505
6.103052 -7.468228 1.041219 67.985184
6.108054 -7.473271 1.040964 68.040862
6.113057 -7.478316 1.040703 68.096540
6.118059 -7.483362 1.040438 68.152216
6.123062 -7.488410 1.040167 68.207892
6.128064 -7.493460 1.039890 68.263567
6.133067 -7.498511 1.039609 68.319241
6.138069 -7.503565 1.039322 68.374914
6.143072 -7.508620 1.039029 68.430587
6.148074 -7.513677 1.038732 68.486258
6.153077 -7.518737 1.038429 68.541929
6.158079 -7.523798 1.038121 68.597599
6.163082 -7.528861 1.037808 68.653267
6.168084 -7.533926 1.037489 68.708935
6.173087 -7.538993 1.037165 68.764602
6.178089 -7.544063 1.036836 68.820268
6.183092 -7.549134 1.036502 68.875933
6.188094 -7.554208 1.036162 68.931597
6.193097 -7.559284 1.035817 68.987259
6.198099 -7.564362 1.035467 69.042921
6.203102 -7.569443 1.035111 69.098582
6.208104 -7.574525 1.034750 69.154242
6.213107 -7.579610 1.034384 69.209901
6.218109 -7.584698 1.034013 69.265558
6.223112 -7.589787 1.033637 69.321215
6.228114 -7.594879 1.033255 69.376870
6.233117 -7.599974 1.032868 69.432525
6.238119 -7.605071 1.032476 69.488178
6.243122 -7.610171 1.032078 69.543830
6.248124 -7.615273 1.031676 69.599481
6.253127 -7.620378 1.031268 69.655131
6.258129 -7.625485 1.030855 69.710780
6.263132 -7.630595 1.030436 69.766428
6.268134 -7.635707 1.030013 69.822074
6.273137 -7.640822 1.029584 69.877719
6.278139 -7.645940 1.029150 69.933363
6.283142 -7.651061 1.028711 69.989006
6.288144 -7.656184 1.028266 70.044648
6.293147 -7.661311 1.027817 70.100288
6.298149 -7.666440 1.027362 70.155928
6.303152 -7.671572 1.026902 70.211566
6.308154 -7.676706 1.026437 70.267203
6.313157 -7.681844 1.025967 70.322838
6.318159 -7.686985 1.025491 70.378472
6.323162 -7.692128 1.025010 70.434105
6.328164 -7.697275 1.024525 70.489737
6.333167 -7.702424 1.024034 70.545368
6.338169 -7.707577 1.023537 70.600997
6.343172 -7.712733 1.023036 70.656625
6.348174 -7.717892 1.022530 70.712252
6.353177 -7.723054 1.022018 70.767877
6.358179 -7.728219 1.021501 70.823501
6.363182 -7.733387 1.020980 70.879124
6.368184 -7.738558 1.020453 70.934745
6.373187 -7.743733 1.019920 70.990365
6.378189 -7.748911 1.019383 71.045984
6.383192 -7.754092 1.018841 71.101602
6.388194 -7.759277 1.018293 71.157218
6.393197 -7.764464 1.017741 71.212832
6.398199 -7.769656 1.017183 71.268446
6.403202 -7.774850 1.016620 71.324058
6.408204 -7.780048 1.016052 71.379669
6.413207 -7.785250 1.015479 71.435278
6.418209 -7.790455 1.014901 71.490886
6.423212 -7.795663 1.014318 71.546493
6.428214 -7.800875 1.013730 71.602098
6.433217 -7.806090 1.013137 71.657702
6.438219 -7.811309 1.012539 71.713305
6.443222 -7.816531 1.011935 71.768906
6.448224 -7.821758 1.011327 71.824506
6.453227 -7.826987 1.010714 71.880105
6.458229 -7.832221 1.010095 71.935702
6.463232 -7.837458 1.009472 71.991297
6.468234 -7.842698 1.008843 72.046892
6.473237 -7.847943 1.008210 72.102485
6.478239 -7.853191 1.007571 72.158076
6.483242 -7.858443 1.006927 72.213667
6.488244 -7.863698 1.006279 72.269255
6.493247 -7.868958 1.005625 72.324843
6.498249 -7.874221 1.004967 72.380429
6.503252 -7.879488 1.004303 72.436014
6.508254 -7.884759 1.003635 72.491597
6.513257 -7.890034 1.002961 72.547179
6.518259 -7.895313 1.002283 72.602760
6.523262 -7.900596 1.001600 72.658339
6.528264 -7.905882 1.000911 72.713917
6.533267 -7.911173 1.000218 72.769493
6.538269 -7.916468 0.999520 72.825068
6.543272 -7.921766 0.998817 72.880642
6.548274 -7.927069 0.998109 72.936214
6.553277 -7.932376 0.997396 72.991785
6.558279 -7.937687 0.996678 73.047355
6.563282 -7.943001 0.995955 73.102923
6.568284 -7.948320 0.995228 73.158490
6.573287 -7.953644 0.994495 73.214056
6.578289 -7.958971 0.993758 73.269620
6.583292 -7.964302 0.993016 73.325183
6.588294 -7.969638 0.992269 73.380745
6.593297 -7.974978 0.991517 73.436305
6.598299 -7.980322 0.990760 73.491864
6.603302 -7.985670 0.989998 73.547421
6.608304 -7.991023 0.989232 73.602978
6.613307 -7.996379 0.988461 73.658533
6.618309 -8.001741 0.987685 73.714086
6.623312 -8.007106 0.986904 73.769639
6.628314 -8.012476 0.986118 73.825190
6.633317 -8.017850 0.985328 73.880739
6.638319 -8.023228 0.984533 73.936288
6.643322 -8.028611 0.983733 73.991835
6.648324 -8.033999 0.982928 74.047381
6.653327 -8.039390 0.982118 74.102926
6.658329 -8.044786 0.981304 74.158469
6.663332 -8.050187 0.980485 74.214011
6.668334 -8.055592 0.979662 74.269552
6.673337 -8.061002 0.978833 74.325092
6.678339 -8.066416 0.978000 74.380630
6.683342 -8.071834 0.977162 74.436167
6.688344 -8.077257 0.976320 74.491703
6.693347 -8.082685 0.975473 74.547238
6.698349 -8.088117 0.974621 74.602772
6.703352 -8.093554 0.973764 74.658304
6.708354 -8.098995 0.972903 74.713836
6.713357 -8.104441 0.972038 74.769366
6.718359 -8.109892 0.971167 74.824895
6.723362 -8.115347 0.970292 74.880422
6.728364 -8.120807 0.969413 74.935949
6.733367 -8.126272 0.968528 74.991474
6.738369 -8.131741 0.967640 75.046999
6.743372 -8.137215 0.966746 75.102522
6.748374 -8.142694 0.965848 75.158044
6.753377 -8.148177 0.964946 75.213565
6.758379 -8.153666 0.964039 75.269085
6.763382 -8.159159 0.963127 75.324604
6.768384 -8.164656 0.962211 75.380122
6.773387 -8.170159 0.961291 75.435639
6.778389 -8.175666 0.960366 75.491155
6.783392 -8.181178 0.959436 75.546670
6.788394 -8.186695 0.958502 75.602184
6.793397 -8.192217 0.957564 75.657697
6.798399 -8.197744 0.956621 75.713208
6.803402 -8.203275 0.955673 75.768719
6.808404 -8.208812 0.954722 75.824229
6.813407 -8.214353 0.953765 75.879738
6.818409 -8.219899 0.952805 75.935246
6.823412 -8.225450 0.951840 75.990753
6.828414 -8.231006 0.950870 76.046260
6.833417 -8.236567 0.949897 76.101765
6.838419 -8.242133 0.948919 76.157270
6.843422 -8.247704 0.947936 76.212773
6.848424 -8.253280 0.946950 76.268276
6.853427 -8.258861 0.945958 76.323778
6.858429 -8.264447 0.944963 76.379279
6.863432 -8.270038 0.943963 76.434779
6.868434 -8.275634 0.942960 76.490279
6.873437 -8.281235 0.941951 76.545778
6.878439 -8.286841 0.940939 76.601276
6.883442 -8.292452 0.939922 76.656773
6.888444 -8.298069 0.938901 76.712269
6.893447 -8.303690 0.937876 76.767765
6.898449 -8.309316 0.936847 76.823260
6.903452 -8.314948 0.935814 76.878755
6.908454 -8.320584 0.934776 76.934249
6.913457 -8.326226 0.933734 76.989742
6.918459 -8.331873 0.932689 77.045234
6.923462 -8.337525 0.931639 77.100726
6.928464 -8.343182 0.930584 77.156217
6.933467 -8.348845 0.929526 77.211708
6.938469 -8.354512 0.928464 77.267198
6.943472 -8.360185 0.927398 77.322688
6.948474 -8.365863 0.926328 77.378177
6.953477 -8.371546 0.925253 77.433666
6.958479 -8.377235 0.924175 77.489154
6.963482 -8.382929 0.923092 77.544641
6.968484 -8.388628 0.922006 77.600128
6.973487 -8.394332 0.920916 77.655615
6.978489 -8.400041 0.919822 77.711101
6.983492 -8.405756 0.918724 77.766587
6.988494 -8.411476 0.917622 77.822073
6.993497 -8.417201 0.916516 77.877558
6.998499 -8.422932 0.915406 77.933043
7.003502 -8.428668 0.914292 77.988527
7.008504 -8.434409 0.913175 78.044011
7.013507 -8.440156 0.912053 78.099495
7.018509 -8.445908 0.910928 78.154978
7.023512 -8.451665 0.909799 78.210462
7.028514 -8.457428 0.908667 78.265945
7.033517 -8.463196 0.907530 78.321428
7.038519 -8.468969 0.906390 78.376910
7.043522 -8.474748 0.905246 78.432393
7.048524 -8.480533 0.904099 78.487875
7.053527 -8.486322 0.902948 78.543357
7.058529 -8.492117 0.901793 78.598839
7.063532 -8.497918 0.900634 78.654321
7.068534 -8.503724 0.899472 78.709803
7.073537 -8.509535 0.898306 78.765285
7.078539 -8.515352 0.897137 78.820767
7.083542 -8.521174 0.895964 78.876249
7.088544 -8.527002 0.894788 78.931730
7.093547 -8.532835 0.893608 78.987212
7.098549 -8.538674 0.892425 79.042694
7.103552 -8.544518 0.891238 79.098176
7.108554 -8.550368 0.890047 79.153658
7.113557 -8.556223 0.888854 79.209140
7.118559 -8.562084 0.887657 79.264622
7.123562 -8.567950 0.886456 79.320105
7.128564 -8.573822 0.885252 79.375587
7.133567 -8.579699 0.884045 79.431070
7.138569 -8.585582 0.882834 79.486553
7.143572 -8.591471 0.881620 79.542036
7.148574 -8.597365 0.880403 79.597519
7.153577 -8.603264 0.879183 79.653003
7.158579 -8.609170 0.877959 79.708487
7.163582 -8.615080 0.876732 79.763972
7.168584 -8.620997 0.875502 79.819456
7.173587 -8.626919 0.874269 79.874941
7.178589 -8.632846 0.873033 79.930427
7.183592 -8.638780 0.871793 79.985913
7.188594 -8.644719 0.870551 80.041399
7.193597 -8.650663 0.869305 80.096886
7.198599 -8.656613 0.868057 80.152373
7.203602 -8.662569 0.866805 80.207861
7.208604 -8.668530 0.865550 80.263349
7.213607 -8.674498 0.864293 80.318838
7.218609 -8.680470 0.863032 80.374327
7.223612 -8.686449 0.861769 80.429817
7.228614 -8.692433 0.860502 80.485307
7.233617 -8.698423 0.859233 80.540799
7.238619 -8.704418 0.857961 80.596290
7.243622 -8.710419 0.856686 80.651783
7.248624 -8.716426 0.855408 80.707276
7.253627 -8.722439 0.854128 80.762770
7.258629 -8.728458 0.852845 80.818265
7.263632 -8.734482 0.851559 80.873760
7.268634 -8.740512 0.850270 80.929257
7.273637 -8.746547 0.848979 80.984754
7.278639 -8.752589 0.847685 81.040251
7.283642 -8.758636 0.846389 81.095750
7.288644 -8.764689 0.845090 81.151250
7.293647 -8.770747 0.843788 81.206750
7.298649 -8.776812 0.842484 81.262252
7.303652 -8.782882 0.841178 81.317754
7.308654 -8.788958 0.839869 81.373258
7.313657 -8.795040 0.838557 81.428762
7.318659 -8.801127 0.837244 81.484268
7.323662 -8.807221 0.835927 81.539774
7.328664 -8.813320 0.834609 81.595282
7.333667 -8.819425 0.833288 81.650790
7.338669 -8.825536 0.831965 81.706300
7.343672 -8.831653 0.830640 81.761811
7.348674 -8.837775 0.829312 81.817323
7.353677 -8.843904 0.827982 81.872836
7.358679 -8.850038 0.826651 81.928351
7.363682 -8.856178 0.825317 81.983867
7.368684 -8.862324 0.823981 82.039384
7.373687 -8.868476 0.822642 82.094902
7.378689 -8.874634 0.821302 82.150421
7.383692 -8.880797 0.819960 82.205942
7.388694 -8.886967 0.818616 82.261464
7.393697 -8.893142 0.817270 82.316988
7.398699 -8.899323 0.815922 82.372513
7.403702 -8.905511 0.814573 82.428039
7.408704 -8.911704 0.813221 82.483567
7.413707 -8.917903 0.811868 82.539097
7.418709 -8.924108 0.810513 82.594627
7.423712 -8.930318 0.809156 82.650160
7.428714 -8.936535 0.807797 82.705694
7.433717 -8.942758 0.806437 82.761229
7.438719 -8.948987 0.805075 82.816766
7.443722 -8.955221 0.803712 82.872304
7.448724 -8.961462 0.802347 82.927845
7.453727 -8.967708 0.800981 82.983386
7.458729 -8.973960 0.799613 83.038930
7.463732 -8.980219 0.798244 83.094475
7.468734 -8.986483 0.796873 83.150022
7.473737 -8.992753 0.795501 83.205571
7.478739 -8.999030 0.794128 83.261121
7.483742 -9.005312 0.792753 83.316673
7.488744 -9.011600 0.791377 83.372227
7.493747 -9.017894 0.790000 83.427783
7.498749 -9.024195 0.788622 83.483341
7.503752 -9.030501 0.787242 83.538901
7.508754 -9.036813 0.785862 83.594462
7.513757 -9.043131 0.784480 83.650025
7.518759 -9.049455 0.783098 83.705591
7.523762 -9.055786 0.781714 83.761158
7.528764 -9.062122 0.780330 83.816727
7.533767 -9.068464 0.778944 83.872299
7.538769 -9.074812 0.777558 83.927872
7.543772 -9.081167 0.776171 83.983447
7.548774 -9.087527 0.774783 84.039025
7.553777 -9.093893 0.773395 84.094604
7.558779 -9.100266 0.772005 84.150186
7.563782 -9.106644 0.770615 84.205770
7.568784 -9.113028 0.769225 84.261356
7.573787 -9.119419 0.767834 84.316944
7.578789 -9.125815 0.766442 84.372534
7.583792 -9.132218 0.765050 84.428127
7.588794 -9.138627 0.763658 84.483722
7.593797 -9.145041 0.762265 84.539319
7.598799 -9.151462 0.760871 84.594918
7.603802 -9.157889 0.759478 84.650520
7.608804 -9.164321 0.758084 84.706124
7.613807 -9.170760 0.756690 84.761730
7.618809 -9.177205 0.755295 84.817339
7.623812 -9.183656 0.753901 84.872950
7.628814 -9.190113 0.752507 84.928563
7.633817 -9.196576 0.751112 84.984179
7.638819 -9.203046 0.749717 85.039798
7.643822 -9.209521 0.748323 85.095419
7.648824 -9.216002 0.746929 85.151042
7.653827 -9.222490 0.745534 85.206668
7.658829 -9.228983 0.744140 85.262296
7.663832 -9.235483 0.742746 85.317927
7.668834 -9.241988 0.741353 85.373561
7.673837 -9.248500 0.739960 85.429197
7.678839 -9.255018 0.738567 85.484836
7.683842 -9.261542 0.737174 85.540477
7.688844 -9.268072 0.735782 85.596121
7.693847 -9.274608 0.734391 85.651768
7.698849 -9.281150 0.733000 85.707417
7.703852 -9.287698 0.731609 85.763069
7.708854 -9.294252 0.730220 85.818724
7.713857 -9.300812 0.728831 85.874381
7.718859 -9.307379 0.727443 85.930041
7.723862 -9.313951 0.726055 85.985704
7.728864 -9.320530 0.724669 86.041370
7.733867 -9.327114 0.723283 86.097039
7.738869 -9.333705 0.721898 86.152710
7.743872 -9.340302 0.720515 86.208384
7.748874 -9.346905 0.719132 86.264061
7.753877 -9.353514 0.717750 86.319741
7.758879 -9.360129 0.716370 86.375424
7.763882 -9.366750 0.714991 86.431110
7.768884 -9.373377 0.713613 86.486799
7.773887 -9.380010 0.712236 86.542490
7.778889 -9.386649 0.710861 86.598185
7.783892 -9.393294 0.709487 86.653882
7.788894 -9.399946 0.708115 86.709583
7.793897 -9.406603 0.706744 86.765286
7.798899 -9.413266 0.705374 86.820993
7.803902 -9.419936 0.704007 86.876702
7.808904 -9.426611 0.702641 86.932415
7.813907 -9.433293 0.701276 86.988131
7.818909 -9.439980 0.699914 87.043850
7.823912 -9.446674 0.698553 87.099571
7.828914 -9.453373 0.697194 87.155296
7.833917 -9.460079 0.695838 87.211024
7.838919 -9.466791 0.694483 87.266755
7.843922 -9.473508 0.693130 87.322490
7.848924 -9.480232 0.691779 87.378227
7.853927 -9.486962 0.690430 87.433968
7.858929 -9.493697 0.689084 87.489712
7.863932 -9.500439 0.687740 87.545459
7.868934 -9.507187 0.686398 87.601209
7.873937 -9.513940 0.685059 87.656962
7.878939 -9.520700 0.683722 87.712719
7.883942 -9.527465 0.682387 87.768479
7.888944 -9.534237 0.681055 87.824242
7.893947 -9.541014 0.679726 87.880008
7.898949 -9.547798 0.678399 87.935778
7.903952 -9.554587 0.677075 87.991550
7.908954 -9.561382 0.675754 88.047327
7.913957 -9.568184 0.674436 88.103106
7.918959 -9.574991 0.673120 88.158889
7.923962 -9.581804 0.671807 88.214675
7.928964 -9.588623 0.670498 88.270464
7.933967 -9.595447 0.669191 88.326257
7.938969 -9.602278 0.667888 88.382053
7.943972 -9.609115 0.666587 88.437853
7.948974 -9.615957 0.665290 88.493655
7.953977 -9.622805 0.663996 88.549462
7.958979 -9.629659 0.662706 88.605271
7.963982 -9.636519 0.661419 88.661084
7.968984 -9.643385 0.660135 88.716900
7.973987 -9.650257 0.658855 88.772720
7.978989 -9.657134 0.657578 88.828543
7.983992 -9.664017 0.656305 88.884369
7.988994 -9.670906 0.655036 88.940199
7.993997 -9.677801 0.653770 88.996033
7.998999 -9.684702 0.652509 89.051869
8.004002 -9.691608 0.651251 89.107709
8.009005 -9.698520 0.649997 89.163553
8.014007 -9.705437 0.648747 89.219400
8.019010 -9.712361 0.647501 89.275250
8.024012 -9.719290 0.646259 89.331104
8.029015 -9.726225 0.645021 89.386962
8.034017 -9.733165 0.643787 89.442822
8.039020 -9.740111 0.642558 89.498687
8.044022 -9.747063 0.641333 89.554554
8.049025 -9.754020 0.640112 89.610425
8.054027 -9.760983 0.638896 89.666300
8.059030 -9.767952 0.637684 89.722178
8.064032 -9.774926 0.636477 89.778059
8.069035 -9.781906 0.635274 89.833944
8.074037 -9.788891 0.634077 89.889833
8.079040 -9.795882 0.632883 89.945724
8.084042 -9.802878 0.631695 90.001620
8.089045 -9.809880 0.630512 90.057518
8.094047 -9.816887 0.629333 90.113421
8.099050 -9.823900 0.628159 90.169326
8.104052 -9.830918 0.626991 90.225235
8.109055 -9.837941 0.625827 90.281148
8.114057 -9.844970 0.624669 90.337064
8.119060 -9.852005 0.623515 90.392983
8.124062 -9.859044 0.622367 90.448906
8.129065 -9.866090 0.621225 90.504832
8.134067 -9.873140 0.620087 90.560762
8.139070 -9.880196 0.618956 90.616695
8.144072 -9.887257 0.617829 90.672632
8.149075 -9.894323 0.616708 90.728572
8.154077 -9.901395 0.615593 90.784515
8.159080 -9.908471 0.614484 90.840462
8.164082 -9.915553 0.613380 90.896412
8.169085 -9.922640 0.612282 90.952366
8.174087 -9.929733 0.611190 91.008323
8.179090 -9.936830 0.610103 91.064283
8.184092 -9.943933 0.609023 91.120247
8.189095 -9.951040 0.607948 91.176214
8.194097 -9.958153 0.606880 91.232184
8.199100 -9.965271 0.605818 91.288158
8.204102 -9.972394 0.604762 91.344135
8.209105 -9.979522 0.603712 91.400116
8.214107 -9.986654 0.602669 91.456099
8.219110 -9.993792 0.601632 91.512087
8.224112 -10.000935 0.600601 91.568077
8.229115 -10.008082 0.599577 91.624071
8.234117 -10.015235 0.598559 91.680068
8.239120 -10.022392 0.597548 91.736068
8.244122 -10.029554 0.596543 91.792071
8.249125 -10.036721 0.595545 91.848078
8.254127 -10.043892 0.594554 91.904088
8.259130 -10.051069 0.593570 91.960101
8.264132 -10.058250 0.592593 92.016118
8.269135 -10.065435 0.591622 92.072137
8.274137 -10.072626 0.590658 92.128160
8.279140 -10.079821 0.589702 92.184186
8.284142 -10.087020 0.588752 92.240215
8.289145 -10.094224 0.587810 92.296247
8.294147 -10.101433 0.586875 92.352283
8.299150 -10.108646 0.585947 92.408321
8.304152 -10.115864 0.585026 92.464363
8.309155 -10.123086 0.584113 92.520407
8.314157 -10.130312 0.583207 92.576455
8.319160 -10.137543 0.582308 92.632506
8.324162 -10.144778 0.581417 92.688559
8.329165 -10.152018 0.580534 92.744616
8.334167 -10.159261 0.579658 92.800676
8.339170 -10.166509 0.578789 92.856738
8.344172 -10.173762 0.577929 92.912804
8.349175 -10.181018 0.577076 92.968873
8.354177 -10.188279 0.576231 93.024944
8.359180 -10.195543 0.575394 93.081018
8.364182 -10.202812 0.574565 93.137096
8.369185 -10.210085 0.573743 93.193176
8.374187 -10.217361 0.572930 93.249258
8.379190 -10.224642 0.572125 93.305344
8.384192 -10.231927 0.571327 93.361433
8.389195 -10.239215 0.570538 93.417524
8.394197 -10.246507 0.569757 93.473618
8.399200 -10.253804 0.568985 93.529714
8.404202 -10.261103 0.568220 93.585814
8.409205 -10.268407 0.567464 93.641916
8.414207 -10.275715 0.566716 93.698020
8.419210 -10.283026 0.565977 93.754128
8.424212 -10.290340 0.565246 93.810237
8.429215 -10.297658 0.564524 93.866350
8.434217 -10.304980 0.563810 93.922465
8.439220 -10.312306 0.563105 93.978582
8.444222 -10.319634 0.562409 94.034702
8.449225 -10.326967 0.561721 94.090825
8.454227 -10.334302 0.561041 94.146950
8.459230 -10.341641 0.560371 94.203077
8.464232 -10.348983 0.559709 94.259206
8.469235 -10.356329 0.559057 94.315339
8.474237 -10.363678 0.558413 94.371473
8.479240 -10.371029 0.557778 94.427610
8.484242 -10.378385 0.557152 94.483748
8.489245 -10.385743 0.556535 94.539890
8.494247 -10.393104 0.555927 94.596033
8.499250 -10.400468 0.555328 94.652179
8.504252 -10.407835 0.554738 94.708326
8.509255 -10.415205 0.554158 94.764476
8.514257 -10.422578 0.553587 94.820628
8.519260 -10.429954 0.553024 94.876782
8.524262 -10.437333 0.552471 94.932938
8.529265 -10.444714 0.551928 94.989096
8.534267 -10.452098 0.551394 95.045256
8.539270 -10.459485 0.550869 95.101418
8.544272 -10.466874 0.550353 95.157582
8.549275 -10.474266 0.549847 95.213748
8.554277 -10.481660 0.549351 95.269916
8.559280 -10.489057 0.548863 95.326085
8.564282 -10.496456 0.548386 95.382256
8.569285 -10.503858 0.547918 95.438429
8.574287 -10.511262 0.547459 95.494604
8.579290 -10.518668 0.547011 95.550780
8.584292 -10.526077 0.546571 95.606958
8.589295 -10.533487 0.546142 95.663138
8.594297 -10.540900 0.545722 95.719319
8.599300 -10.548315 0.545312 95.775502
8.604302 -10.555732 0.544912 95.831686
8.609305 -10.563151 0.544521 95.887872
8.614307 -10.570572 0.544140 95.944059
8.619310 -10.577995 0.543770 96.000247
8.624312 -10.585419 0.543409 96.056437
8.629315 -10.592846 0.543057 96.112628
8.634317 -10.600274 0.542716 96.168821
8.639320 -10.607704 0.542385 96.225015
8.644322 -10.615135 0.542063 96.281210
8.649325 -10.622568 0.541752 96.337406
8.654327 -10.630003 0.541451 96.393603
8.659330 -10.637439 0.541159 96.449802
8.664332 -10.644877 0.540878 96.506001
8.669335 -10.652316 0.540606 96.562202
8.674337 -10.659756 0.540345 96.618404
8.679340 -10.667198 0.540094 96.674606
8.684342 -10.674641 0.539853 96.730810
8.689345 -10.682085 0.539622 96.787014
8.694347 -10.689531 0.539401 96.843219
8.699350 -10.696977 0.539190 96.899425
8.704352 -10.704424 0.538990 96.955632
8.709355 -10.711873 0.538799 97.011840
8.714357 -10.719322 0.538619 97.068048
8.719360 -10.726772 0.538449 97.124257
8.724362 -10.734224 0.538289 97.180467
8.729365 -10.741675 0.538140 97.236677
8.734367 -10.749128 0.538000 97.292888
8.739370 -10.756581 0.537871 97.349099
8.744372 -10.764035 0.537752 97.405310
8.749375 -10.771490 0.537644 97.461523
8.754377 -10.778945 0.537545 97.517735
8.759380 -10.786400 0.537457 97.573948
8.764382 -10.793856 0.537379 97.630161
8.769385 -10.801313 0.537312 97.686375
8.774387 -10.808769 0.537254 97.742588
8.779390 -10.816226 0.537207 97.798802
8.784392 -10.823683 0.537170 97.855016
8.789395 -10.831141 0.537144 97.911230
8.794397 -10.838598 0.537128 97.967445
8.799400 -10.846055 0.537122 98.023659
8.804402 -10.853513 0.537126 98.079873
8.809405 -10.860970 0.537141 98.136087
8.814407 -10.868427 0.537166 98.192302
8.819410 -10.875885 0.537201 98.248516
8.824412 -10.883341 0.537247 98.304730
8.829415 -10.890798 0.537303 98.360943
8.834417 -10.898255 0.537369 98.417157
8.839420 -10.905711 0.537446 98.473370
8.844422 -10.913166 0.537532 98.529583
8.849425 -10.920621 0.537629 98.585796
8.854427 -10.928076 0.537736 98.642008
8.859430 -10.935530 0.537854 98.698219
8.864432 -10.942983 0.537982 98.754431
8.869435 -10.950436 0.538120 98.810642
8.874437 -10.957888 0.538268 98.866852
8.879440 -10.965339 0.538426 98.923061
8.884442 -10.972790 0.538595 98.979270
8.889445 -10.980239 0.538774 99.035479
8.894447 -10.987688 0.538963 99.091687
8.899450 -10.995135 0.539162 99.147893
8.904452 -11.002582 0.539371 99.204100
8.909455 -11.010027 0.539591 99.260305
8.914457 -11.017471 0.539820 99.316510
8.919460 -11.024915 0.540060 99.372713
8.924462 -11.032356 0.540310 99.428916
8.929465 -11.039797 0.540570 99.485118
8.934467 -11.047236 0.540839 99.541318
8.939470 -11.054674 0.541119 99.597518
8.944472 -11.062111 0.541409 99.653717
8.949475 -11.069545 0.541710 99.709914
8.954477 -11.076979 0.542020 99.766111
8.959480 -11.084411 0.542340 99.822306
8.964482 -11.091841 0.542669 99.878500
8.969485 -11.099269 0.543009 99.934692
8.974487 -11.106696 0.543359 99.990884
8.979490 -11.114121 0.543719 100.047074
8.984492 -11.121544 0.544088 100.103263
8.989495 -11.128965 0.544468 100.159450
8.994497 -11.136384 0.544857 100.215636
8.999500 -11.143801 0.545256 100.271820
9.004502 -11.151217 0.545665 100.328003
9.009505 -11.158630 0.546083 100.384185
9.014507 -11.166041 0.546511 100.440365
9.019510 -11.173449 0.546949 100.496543
9.024512 -11.180856 0.547396 100.552719
9.029515 -11.188260 0.547854 100.608894
9.034517 -11.195662 0.548320 100.665067
9.039520 -11.203062 0.548796 100.721239
9.044522 -11.210459 0.549282 100.777409
9.049525 -11.217854 0.549778 100.833576
9.054527 -11.225246 0.550282 100.889742
9.059530 -11.232636 0.550796 100.945907
9.064532 -11.240023 0.551320 101.002069
9.069535 -11.247407 0.551853 101.058229
9.074537 -11.254789 0.552395 101.114388
9.079540 -11.262168 0.552947 101.170544
9.084542 -11.269544 0.553508 101.226698
9.089545 -11.276917 0.554078 101.282850
9.094547 -11.284288 0.554657 101.339001
9.099550 -11.291655 0.555246 101.395149
9.104552 -11.299020 0.555843 101.451294
9.109555 -11.306382 0.556450 101.507438
9.114557 -11.313740 0.557066 101.563580
9.119560 -11.321096 0.557690 101.619719
9.124562 -11.328448 0.558324 101.675856
9.129565 -11.335797 0.558967 101.731991
9.134567 -11.343143 0.559618 101.788123
9.139570 -11.350486 0.560279 101.844253
9.144572 -11.357825 0.560948 101.900381
9.149575 -11.365161 0.561626 101.956506
9.154577 -11.372494 0.562312 102.012629
9.159580 -11.379823 0.563008 102.068749
9.164582 -11.387149 0.563712 102.124867
9.169585 -11.394471 0.564424 102.180982
9.174587 -11.401790 0.565145 102.237095
9.179590 -11.409105 0.565875 102.293205
9.184592 -11.416417 0.566613 102.349313
9.189595 -11.423725 0.567360 102.405418
9.194597 -11.431029 0.568115 102.461520
9.199600 -11.438329 0.568878 102.517620
9.204602 -11.445626 0.569649 102.573717
9.209605 -11.452919 0.570429 102.629811
9.214607 -11.460208 0.571217 102.685903
9.219610 -11.467493 0.572013 102.741991
9.224612 -11.474774 0.572817 102.798077
9.229615 -11.482051 0.573630 102.854161
9.234617 -11.489325 0.574450 102.910241
9.239620 -11.496594 0.575278 102.966319
9.244622 -11.503859 0.576114 103.022393
9.249625 -11.511120 0.576958 103.078465
9.254627 -11.518377 0.577810 103.134534
9.259630 -11.525630 0.578669 103.190600
9.264632 -11.532879 0.579537 103.246663
9.269635 -11.540123 0.580411 103.302723
9.274637 -11.547363 0.581294 103.358781
9.279640 -11.554599 0.582184 103.414835
9.284642 -11.561830 0.583081 103.470886
9.289645 -11.569057 0.583986 103.526934
9.294647 -11.576280 0.584899 103.582979
9.299650 -11.583498 0.585818 103.639021
9.304652 -11.590712 0.586745 103.695060
9.309655 -11.597921 0.587680 103.751095
9.314657 -11.605126 0.588621 103.807128
9.319660 -11.612326 0.589569 103.863158
9.324662 -11.619522 0.590525 103.919184
9.329665 -11.626713 0.591488 103.975207
9.334667 -11.633899 0.592457 104.031227
9.339670 -11.641081 0.593434 104.087244
9.344672 -11.648258 0.594417 104.143258
9.349675 -11.655430 0.595407 104.199268
9.354677 -11.662597 0.596404 104.255275
9.359680 -11.669760 0.597408 104.311279
9.364682 -11.676918 0.598418 104.367280
9.369685 -11.684071 0.599435 104.423278
9.374687 -11.691219 0.600458 104.479272
9.379690 -11.698363 0.601488 104.535263
9.384692 -11.705501 0.602524 104.591250
9.389695 -11.712635 0.603567 104.647234
9.394697 -11.719763 0.604616 104.703215
9.399700 -11.726887 0.605671 104.759193
9.404702 -11.734005 0.606732 104.815167
9.409705 -11.741118 0.607800 104.871138
9.414707 -11.748227 0.608873 104.927106
9.419710 -11.755330 0.609953 104.983070
9.424712 -11.762428 0.611038 105.039031
9.429715 -11.769521 0.612130 105.094988
9.434717 -11.776609 0.613227 105.150942
9.439720 -11.783692 0.614330 105.206893
9.444722 -11.790769 0.615439 105.262840
9.449725 -11.797842 0.616553 105.318784
9.454727 -11.804909 0.617673 105.374724
9.459730 -11.811970 0.618799 105.430662
9.464732 -11.819027 0.619930 105.486595
9.469735 -11.826078 0.621066 105.542525
9.474737 -11.833124 0.622208 105.598452
9.479740 -11.840164 0.623356 105.654375
9.484742 -11.847199 0.624508 105.710295
9.489745 -11.854229 0.625666 105.766212
9.494747 -11.861254 0.626829 105.822125
9.499750 -11.868272 0.627997 105.878034
9.504752 -11.875286 0.629169 105.933940
9.509755 -11.882294 0.630347 105.989843
9.514757 -11.889296 0.631530 106.045742
9.519760 -11.896293 0.632718 106.101638
9.524762 -11.903285 0.633910 106.157530
9.529765 -11.910271 0.635108 106.213419
9.534767 -11.917251 0.636310 106.269305
9.539770 -11.924226 0.637516 106.325186
9.544772 -11.931196 0.638727 106.381065
9.549775 -11.938159 0.639943 106.436940
9.554777 -11.945118 0.641163 106.492812
9.559780 -11.952070 0.642387 106.548680
9.564782 -11.959017 0.643616 106.604544
9.569785 -11.965958 0.644849 106.660406
9.574787 -11.972894 0.646086 106.716263
9.579790 -11.979824 0.647328 106.772118
9.584792 -11.986748 0.648573 106.827969
9.589795 -11.993666 0.649823 106.883816
9.594797 -12.000579 0.651076 106.939660
9.599800 -12.007486 0.652334 106.995501
9.604802 -12.014387 0.653595 107.051338
9.609805 -12.021283 0.654860 107.107172
9.614807 -12.028173 0.656129 107.163002
9.619810 -12.035057 0.657401 107.218829
9.624812 -12.041935 0.658677 107.274652
9.629815 -12.048807 0.659957 107.330473
9.634817 -12.055674 0.661240 107.386289
9.639820 -12.062535 0.662527 107.442103
9.644822 -12.069390 0.663817 107.497913
9.649825 -12.076239 0.665110 107.553719
9.654827 -12.083082 0.666407 107.609523
9.659830 -12.089919 0.667707 107.665323
9.664832 -12.096751 0.669010 107.721119
9.669835 -12.103576 0.670316 107.776912
9.674837 -12.110396 0.671625 107.832702
9.679840 -12.117210 0.672937 107.888489
9.684842 -12.124018 0.674253 107.944272
9.689845 -12.130820 0.675571 108.000052
9.694847 -12.137616 0.676891 108.055828
9.699850 -12.144406 0.678215 108.111602
9.704852 -12.151190 0.679541 108.167372
9.709855 -12.157969 0.680870 108.223139
9.714857 -12.164741 0.682202 108.278902
9.719860 -12.171507 0.683536 108.334662
9.724862 -12.178268 0.684873 108.390420
9.729865 -12.185022 0.686212 108.446173
9.734867 -12.191771 0.687553 108.501924
9.739870 -12.198513 0.688897 108.557671
9.744872 -12.205250 0.690243 108.613416
9.749875 -12.211980 0.691592 108.669157
9.754877 -12.218705 0.692942 108.724895
9.759880 -12.225423 0.694295 108.780629
9.764882 -12.232136 0.695649 108.836361
9.769885 -12.238842 0.697006 108.892089
9.774887 -12.245542 0.698364 108.947815
9.779890 -12.252237 0.699725 109.003537
9.784892 -12.258925 0.701087 109.059256
9.789895 -12.265608 0.702451 109.114972
9.794897 -12.272284 0.703817 109.170685
9.799900 -12.278954 0.705184 109.226395
9.804902 -12.285618 0.706553 109.282102
9.809905 -12.292277 0.707924 109.337806
9.814907 -12.298929 0.709296 109.393507
9.819910 -12.305575 0.710670 109.449205
9.824912 -12.312215 0.712045 109.504900
9.829915 -12.318849 0.713421 109.560592
9.834917 -12.325477 0.714799 109.616281
9.839920 -12.332099 0.716178 109.671967
9.844922 -12.338715 0.717558 109.727651
9.849925 -12.345324 0.718940 109.783331
9.854927 -12.351928 0.720322 109.839008
9.859930 -12.358526 0.721706 109.894683
9.864932 -12.365117 0.723090 109.950355
9.869935 -12.371703 0.724476 110.006024
9.874937 -12.378282 0.725862 110.061690
9.879940 -12.384855 0.727250 110.117353
9.884942 -12.391422 0.728638 110.173014
9.889945 -12.397984 0.730027 110.228672
9.894947 -12.404539 0.731416 110.284327
9.899950 -12.411088 0.732806 110.339979
9.904952 -12.417631 0.734197 110.395629
9.909955 -12.424167 0.735589 110.451276
9.914957 -12.430698 0.736981 110.506920
9.919960 -12.437223 0.738373 110.562562
9.924962 -12.443742 0.739766 110.618201
9.929965 -12.450254 0.741159 110.673838
9.934967 -12.456761 0.742553 110.729471
9.939970 -12.463261 0.743946 110.785103
9.944972 -12.469755 0.745341 110.840731
9.949975 -12.476244 0.746735 110.896358
9.954977 -12.482726 0.748129 110.951981
9.959980 -12.489202 0.749524 111.007603
9.964982 -12.495672 0.750918 111.063221
9.969985 -12.502136 0.752313 111.118838
9.974987 -12.508594 0.753707 111.174451
9.979990 -12.515046 0.755102 111.230063
9.984992 -12.521491 0.756496 111.285672
9.989995 -12.527931 0.757890 111.341279
9.994997 -12.534365 0.759284 111.396883
10.000000 -12.540792 0.760678 111.452484
