t psi theta phi
0.000000 0.000000 1.483530 0.000000
0.010005 -0.000001 1.483521 0.112111
0.020010 -0.000006 1.483496 0.224218
0.030015 -0.000020 1.483453 0.336317
0.040020 -0.000047 1.483393 0.448402
0.050025 -0.000092 1.483316 0.560469
0.060030 -0.000158 1.483222 0.672515
0.070035 -0.000250 1.483111 0.784535
0.080040 -0.000373 1.482983 0.896525
0.090045 -0.000531 1.482838 1.008480
0.100050 -0.000726 1.482676 1.120398
0.110055 -0.000965 1.482497 1.232272
0.120060 -0.001250 1.482302 1.344101
0.130065 -0.001585 1.482090 1.455879
0.140070 -0.001974 1.481861 1.567604
0.150075 -0.002421 1.481615 1.679271
0.160080 -0.002929 1.481353 1.790877
0.170085 -0.003502 1.481074 1.902419
0.180090 -0.004142 1.480779 2.013894
0.190095 -0.004854 1.480468 2.125297
0.200100 -0.005640 1.480140 2.236627
0.210105 -0.006503 1.479796 2.347880
0.220110 -0.007446 1.479436 2.459054
0.230115 -0.008471 1.479060 2.570145
0.240120 -0.009581 1.478669 2.681152
0.250125 -0.010779 1.478261 2.792072
0.260130 -0.012067 1.477838 2.902903
0.270135 -0.013446 1.477399 3.013642
0.280140 -0.014919 1.476944 3.124289
0.290145 -0.016488 1.476474 3.234840
0.300150 -0.018154 1.475989 3.345294
0.310155 -0.019919 1.475489 3.455649
0.320160 -0.021784 1.474973 3.565905
0.330165 -0.023751 1.474443 3.676060
0.340170 -0.025821 1.473897 3.786113
0.350175 -0.027995 1.473337 3.896062
0.360180 -0.030274 1.472761 4.005907
0.370185 -0.032659 1.472172 4.115646
0.380190 -0.035151 1.471567 4.225280
0.390195 -0.037749 1.470949 4.334808
0.400200 -0.040455 1.470316 4.444228
0.410205 -0.043269 1.469668 4.553541
0.420210 -0.046192 1.469007 4.662747
0.430215 -0.049223 1.468331 4.771845
0.440220 -0.052363 1.467642 4.880835
0.450225 -0.055611 1.466938 4.989717
0.460230 -0.058968 1.466221 5.098492
0.470235 -0.062434 1.465490 5.207158
0.480240 -0.066007 1.464746 5.315718
0.490245 -0.069689 1.463987 5.424170
0.500250 -0.073478 1.463216 5.532516
0.510255 -0.077375 1.462431 5.640756
0.520260 -0.081378 1.461632 5.748889
0.530265 -0.085487 1.460821 5.856918
0.540270 -0.089702 1.459996 5.964843
0.550275 -0.094021 1.459158 6.072663
0.560280 -0.098445 1.458307 6.180381
0.570285 -0.102972 1.457443 6.287996
0.580290 -0.107601 1.456565 6.395510
0.590295 -0.112332 1.455675 6.502923
0.600300 -0.117164 1.454773 6.610237
0.610305 -0.122096 1.453857 6.717452
0.620310 -0.127127 1.452929 6.824569
0.630315 -0.132256 1.451988 6.931589
0.640320 -0.137482 1.451034 7.038514
0.650325 -0.142805 1.450067 7.145343
0.660330 -0.148222 1.449088 7.252079
0.670335 -0.153733 1.448097 7.358723
0.680340 -0.159336 1.447093 7.465275
0.690345 -0.165032 1.446076 7.571737
0.700350 -0.170818 1.445047 7.678109
0.710355 -0.176694 1.444005 7.784394
0.720360 -0.182659 1.442951 7.890591
0.730365 -0.188711 1.441885 7.996702
0.740370 -0.194848 1.440806 8.102729
0.750375 -0.201072 1.439715 8.208673
0.760380 -0.207379 1.438611 8.314534
0.770385 -0.213768 1.437495 8.420313
0.780390 -0.220240 1.436367 8.526013
0.790395 -0.226792 1.435226 8.631634
0.800400 -0.233424 1.434073 8.737178
0.810405 -0.240133 1.432907 8.842644
0.820410 -0.246920 1.431729 8.948036
0.830415 -0.253784 1.430539 9.053353
0.840420 -0.260722 1.429336 9.158597
0.850425 -0.267734 1.428121 9.263769
0.860430 -0.274818 1.426893 9.368871
0.870435 -0.281974 1.425653 9.473902
0.880440 -0.289201 1.424400 9.578866
0.890445 -0.296498 1.423135 9.683761
0.900450 -0.303863 1.421857 9.788591
0.910455 -0.311295 1.420567 9.893355
0.920460 -0.318793 1.419264 9.998055
0.930465 -0.326357 1.417949 10.102692
0.940470 -0.333986 1.416621 10.207267
0.950475 -0.341677 1.415280 10.311781
0.960480 -0.349431 1.413926 10.416235
0.970485 -0.357246 1.412560 10.520630
0.980490 -0.365122 1.411181 10.624967
0.990495 -0.373056 1.409789 10.729247
1.000500 -0.381050 1.408384 10.833472
1.010505 -0.389101 1.406967 10.937641
1.020510 -0.397208 1.405536 11.041757
1.030515 -0.405371 1.404092 11.145819
1.040520 -0.413589 1.402635 11.249830
1.050525 -0.421861 1.401165 11.353789
1.060530 -0.430186 1.399682 11.457698
1.070535 -0.438563 1.398186 11.561558
1.080540 -0.446991 1.396676 11.665369
1.090545 -0.455470 1.395153 11.769133
1.100550 -0.463999 1.393616 11.872850
1.110555 -0.472576 1.392066 11.976522
1.120560 -0.481202 1.390502 12.080148
1.130565 -0.489875 1.388925 12.183730
1.140570 -0.498594 1.387334 12.287269
1.150575 -0.507360 1.385729 12.390766
1.160580 -0.516170 1.384110 12.494220
1.170585 -0.525025 1.382478 12.597634
1.180590 -0.533923 1.380831 12.701008
1.190595 -0.542864 1.379170 12.804342
1.200600 -0.551848 1.377496 12.907638
1.210605 -0.560873 1.375807 13.010895
1.220610 -0.569939 1.374103 13.114116
1.230615 -0.579046 1.372385 13.217300
1.240620 -0.588192 1.370653 13.320448
1.250625 -0.597377 1.368907 13.423562
1.260630 -0.606600 1.367145 13.526641
1.270635 -0.615861 1.365369 13.629686
1.280640 -0.625160 1.363578 13.732698
1.290645 -0.634495 1.361772 13.835678
1.300650 -0.643866 1.359951 13.938626
1.310655 -0.653272 1.358116 14.041543
1.320660 -0.662713 1.356264 14.144429
1.330665 -0.672189 1.354398 14.247286
1.340670 -0.681699 1.352516 14.350113
1.350675 -0.691242 1.350619 14.452912
1.360680 -0.700818 1.348706 14.555683
1.370685 -0.710426 1.346778 14.658426
1.380690 -0.720066 1.344834 14.761142
1.390695 -0.729737 1.342874 14.863832
1.400700 -0.739440 1.340898 14.966496
1.410705 -0.749172 1.338906 15.069135
1.420710 -0.758935 1.336898 15.171749
1.430715 -0.768728 1.334873 15.274339
1.440720 -0.778549 1.332833 15.376905
1.450725 -0.788400 1.330775 15.479448
1.460730 -0.798278 1.328701 15.581968
1.470735 -0.808185 1.326611 15.684466
1.480740 -0.818119 1.324504 15.786943
1.490745 -0.828080 1.322379 15.889398
1.500750 -0.838068 1.320238 15.991833
1.510755 -0.848082 1.318080 16.094247
1.520760 -0.858123 1.315904 16.196642
1.530765 -0.868189 1.313711 16.299017
1.540770 -0.878280 1.311501 16.401373
1.550775 -0.888397 1.309273 16.503711
1.560780 -0.898538 1.307028 16.606031
1.570785 -0.908703 1.304764 16.708333
1.580790 -0.918893 1.302483 16.810618
1.590795 -0.929106 1.300184 16.912887
1.600800 -0.939343 1.297866 17.015139
1.610805 -0.949603 1.295530 17.117375
1.620810 -0.959886 1.293176 17.219596
1.630815 -0.970191 1.290804 17.321802
1.640820 -0.980519 1.288412 17.423993
1.650825 -0.990869 1.286002 17.526170
1.660830 -1.001241 1.283574 17.628333
1.670835 -1.011634 1.281126 17.730482
1.680840 -1.022048 1.278659 17.832618
1.690845 -1.032484 1.276173 17.934742
1.700850 -1.042941 1.273667 18.036853
1.710855 -1.053418 1.271143 18.138951
1.720860 -1.063916 1.268598 18.241039
1.730865 -1.074434 1.266034 18.343115
1.740870 -1.084972 1.263450 18.445179
1.750875 -1.095530 1.260846 18.547234
1.760880 -1.106108 1.258222 18.649278
1.770885 -1.116705 1.255578 18.751311
1.780890 -1.127321 1.252913 18.853336
1.790895 -1.137957 1.250228 18.955351
1.800900 -1.148611 1.247523 19.057357
1.810905 -1.159284 1.244797 19.159354
1.820910 -1.169976 1.242050 19.261344
1.830915 -1.180687 1.239282 19.363325
1.840920 -1.191416 1.236493 19.465298
1.850925 -1.202163 1.233683 19.567264
1.860930 -1.212928 1.230851 19.669223
1.870935 -1.223711 1.227998 19.771176
1.880940 -1.234512 1.225124 19.873122
1.890945 -1.245330 1.222228 19.975062
1.900950 -1.256167 1.219310 20.076996
1.910955 -1.267020 1.216370 20.178924
1.920960 -1.277892 1.213408 20.280848
1.930965 -1.288780 1.210424 20.382766
1.940970 -1.299686 1.207418 20.484680
1.950975 -1.310609 1.204389 20.586589
1.960980 -1.321549 1.201338 20.688495
1.970985 -1.332506 1.198264 20.790396
1.980990 -1.343479 1.195168 20.892295
1.990995 -1.354470 1.192048 20.994190
2.001001 -1.365478 1.188906 21.096082
2.011006 -1.376502 1.185740 21.197972
2.021011 -1.387543 1.182551 21.299859
2.031016 -1.398600 1.179339 21.401744
2.041021 -1.409675 1.176104 21.503628
2.051026 -1.420765 1.172845 21.605510
2.061031 -1.431873 1.169562 21.707391
2.071036 -1.442996 1.166255 21.809271
2.081041 -1.454137 1.162925 21.911151
2.091046 -1.465293 1.159570 22.013030
2.101051 -1.476467 1.156192 22.114909
2.111056 -1.487656 1.152789 22.216788
2.121061 -1.498862 1.149362 22.318668
2.131066 -1.510085 1.145910 22.420548
2.141071 -1.521324 1.142434 22.522430
2.151076 -1.532580 1.138934 22.624313
2.161081 -1.543851 1.135408 22.726197
2.171086 -1.555140 1.131858 22.828084
2.181091 -1.566445 1.128283 22.929972
2.191096 -1.577766 1.124683 23.031863
2.201101 -1.589105 1.121058 23.133757
2.211106 -1.600459 1.117407 23.235653
2.221111 -1.611831 1.113732 23.337553
2.231116 -1.623219 1.110031 23.439456
2.241121 -1.634624 1.106304 23.541364
2.251126 -1.646045 1.102552 23.643275
2.261131 -1.657484 1.098775 23.745190
2.271136 -1.668940 1.094972 23.847111
2.281141 -1.680412 1.091143 23.949036
2.291146 -1.691902 1.087288 24.050966
2.301151 -1.703408 1.083407 24.152902
2.311156 -1.714932 1.079501 24.254844
2.321161 -1.726474 1.075568 24.356791
2.331166 -1.738032 1.071610 24.458745
2.341171 -1.749609 1.067625 24.560706
2.351176 -1.761203 1.063615 24.662673
2.361181 -1.772814 1.059578 24.764648
2.371186 -1.784444 1.055515 24.866630
2.381191 -1.796091 1.051425 24.968620
2.391196 -1.807756 1.047309 25.070618
2.401201 -1.819440 1.043167 25.172625
2.411206 -1.831142 1.038999 25.274640
2.421211 -1.842862 1.034804 25.376664
2.431216 -1.854601 1.030583 25.478697
2.441221 -1.866359 1.026336 25.580740
2.451226 -1.878135 1.022062 25.682792
2.461231 -1.889930 1.017761 25.784855
2.471236 -1.901745 1.013434 25.886928
2.481241 -1.913579 1.009081 25.989012
2.491246 -1.925432 1.004702 26.091107
2.501251 -1.937305 1.000296 26.193214
2.511256 -1.949198 0.995863 26.295332
2.521261 -1.961111 0.991405 26.397462
2.531266 -1.973044 0.986920 26.499604
2.541271 -1.984997 0.982409 26.601759
2.551276 -1.996971 0.977871 26.703927
2.561281 -2.008965 0.973308 26.806109
2.571286 -2.020981 0.968718 26.908304
2.581291 -2.033018 0.964103 27.010512
2.591296 -2.045076 0.959461 27.112736
2.601301 -2.057155 0.954794 27.214973
2.611306 -2.069256 0.950101 27.317226
2.621311 -2.081380 0.945382 27.419494
2.631316 -2.093525 0.940637 27.521777
2.641321 -2.105693 0.935867 27.624077
2.651326 -2.117883 0.931072 27.726392
2.661331 -2.130097 0.926252 27.828725
2.671336 -2.142334 0.921406 27.931074
2.681341 -2.154594 0.916536 28.033441
2.691346 -2.166877 0.911641 28.135825
2.701351 -2.179185 0.906721 28.238228
2.711356 -2.191517 0.901776 28.340649
2.721361 -2.203873 0.896808 28.443089
2.731366 -2.216254 0.891815 28.545547
2.741371 -2.228659 0.886799 28.648026
2.751376 -2.241090 0.881758 28.750524
2.761381 -2.253547 0.876695 28.853043
2.771386 -2.266029 0.871608 28.955582
2.781391 -2.278538 0.866498 29.058142
2.791396 -2.291073 0.861365 29.160724
2.801401 -2.303635 0.856210 29.263327
2.811406 -2.316223 0.851033 29.365953
2.821411 -2.328839 0.845833 29.468601
2.831416 -2.341483 0.840613 29.571272
2.841421 -2.354154 0.835370 29.673966
2.851426 -2.366854 0.830107 29.776684
2.861431 -2.379582 0.824824 29.879427
2.871436 -2.392340 0.819519 29.982194
2.881441 -2.405126 0.814195 30.084986
2.891446 -2.417942 0.808852 30.187803
2.901451 -2.430788 0.803489 30.290646
2.911456 -2.443664 0.798107 30.393515
2.921461 -2.456571 0.792707 30.496411
2.931466 -2.469509 0.787289 30.599334
2.941471 -2.482478 0.781854 30.702284
2.951476 -2.495478 0.776401 30.805262
2.961481 -2.508511 0.770932 30.908269
2.971486 -2.521576 0.765447 31.011304
2.981491 -2.534674 0.759946 31.114368
2.991496 -2.547805 0.754430 31.217462
3.001501 -2.560969 0.748900 31.320586
3.011506 -2.574167 0.743355 31.423740
3.021511 -2.587399 0.737797 31.526925
3.031516 -2.600666 0.732226 31.630142
3.041521 -2.613968 0.726643 31.733390
3.051526 -2.627305 0.721049 31.836670
3.061531 -2.640678 0.715443 31.939983
3.071536 -2.654087 0.709827 32.043329
3.081541 -2.667533 0.704201 32.146709
3.091546 -2.681015 0.698566 32.250122
3.101551 -2.694534 0.692923 32.353570
3.111556 -2.708092 0.687272 32.457052
3.121561 -2.721687 0.681614 32.560570
3.131566 -2.735320 0.675950 32.664124
3.141571 -2.748993 0.670281 32.767713
3.151576 -2.762704 0.664607 32.871339
3.161581 -2.776455 0.658929 32.975002
3.171586 -2.790246 0.653249 33.078702
3.181591 -2.804078 0.647566 33.182441
3.191596 -2.817950 0.641882 33.286217
3.201601 -2.831863 0.636198 33.390032
3.211606 -2.845817 0.630514 33.493886
3.221611 -2.859814 0.624832 33.597780
3.231616 -2.873852 0.619152 33.701714
3.241621 -2.887934 0.613476 33.805687
3.251626 -2.902058 0.607804 33.909702
3.261631 -2.916225 0.602137 34.013758
3.271636 -2.930436 0.596477 34.117855
3.281641 -2.944691 0.590824 34.221994
3.291646 -2.958990 0.585179 34.326176
3.301651 -2.973334 0.579544 34.430400
3.311656 -2.987723 0.573920 34.534667
3.321661 -3.002157 0.568307 34.638977
3.331666 -3.016637 0.562708 34.743332
3.341671 -3.031163 0.557122 34.847730
3.351676 -3.045735 0.551551 34.952173
3.361681 -3.060354 0.545997 35.056660
3.371686 -3.075019 0.540461 35.161193
3.381691 -3.089732 0.534943 35.265771
3.391696 -3.104492 0.529446 35.370395
3.401701 -3.119299 0.523969 35.475064
3.411706 -3.134154 0.518516 35.579780
3.421711 -3.149058 0.513086 35.684542
3.431716 -3.164010 0.507681 35.789352
3.441721 -3.179010 0.502303 35.894208
3.451726 -3.194059 0.496953 35.999111
3.461731 -3.209157 0.491632 36.104062
3.471736 -3.224304 0.486342 36.209060
3.481741 -3.239500 0.481084 36.314106
3.491746 -3.254745 0.475859 36.419200
3.501751 -3.270040 0.470669 36.524342
3.511756 -3.285384 0.465515 36.629532
3.521761 -3.300777 0.460399 36.734771
3.531766 -3.316221 0.455322 36.840058
3.541771 -3.331714 0.450286 36.945393
3.551776 -3.347256 0.445292 37.050776
3.561781 -3.362849 0.440341 37.156209
3.571786 -3.378491 0.435436 37.261689
3.581791 -3.394182 0.430577 37.367218
3.591796 -3.409923 0.425766 37.472796
3.601801 -3.425714 0.421005 37.578422
3.611806 -3.441553 0.416294 37.684096
3.621811 -3.457442 0.411637 37.789818
3.631816 -3.473380 0.407034 37.895588
3.641821 -3.489366 0.402486 38.001406
3.651826 -3.505402 0.397995 38.107271
3.661831 -3.521485 0.393564 38.213184
3.671836 -3.537616 0.389192 38.319144
3.681841 -3.553795 0.384883 38.425150
3.691846 -3.570021 0.380636 38.531203
3.701851 -3.586295 0.376455 38.637302
3.711856 -3.602615 0.372340 38.743447
3.721861 -3.618981 0.368293 38.849637
3.731866 -3.635392 0.364315 38.955873
3.741871 -3.651849 0.360408 39.062152
3.751876 -3.668351 0.356574 39.168476
3.761881 -3.684896 0.352813 39.274843
3.771886 -3.701486 0.349128 39.381252
3.781891 -3.718118 0.345519 39.487704
3.791896 -3.734792 0.341989 39.594198
3.801901 -3.751508 0.338538 39.700733
3.811906 -3.768265 0.335168 39.807307
3.821911 -3.785062 0.331881 39.913922
3.831916 -3.801898 0.328677 40.020575
3.841921 -3.818773 0.325559 40.127266
3.851926 -3.835686 0.322526 40.233994
3.861931 -3.852635 0.319581 40.340759
3.871936 -3.869620 0.316725 40.447559
3.881941 -3.886641 0.313960 40.554394
3.891946 -3.903695 0.311285 40.661262
3.901951 -3.920783 0.308703 40.768162
3.911956 -3.937902 0.306215 40.875095
3.921961 -3.955052 0.303821 40.982058
3.931966 -3.972233 0.301523 41.089050
3.941971 -3.989442 0.299321 41.196071
3.951976 -4.006678 0.297218 41.303119
3.961981 -4.023942 0.295213 41.410193
3.971986 -4.041230 0.293308 41.517292
3.981991 -4.058542 0.291503 41.624415
3.991996 -4.075878 0.289800 41.731560
4.002001 -4.093235 0.288199 41.838727
4.012006 -4.110612 0.286701 41.945914
4.022011 -4.128008 0.285306 42.053119
4.032016 -4.145422 0.284015 42.160342
4.042021 -4.162852 0.282830 42.267581
4.052026 -4.180297 0.281749 42.374835
4.062031 -4.197756 0.280775 42.482102
4.072036 -4.215226 0.279907 42.589382
4.082041 -4.232708 0.279145 42.696672
4.092046 -4.250199 0.278491 42.803971
4.102051 -4.267699 0.277944 42.911278
4.112056 -4.285204 0.277505 43.018592
4.122061 -4.302715 0.277174 43.125911
4.132066 -4.320230 0.276951 43.233233
4.142071 -4.337746 0.276836 43.340558
4.152076 -4.355264 0.276830 43.447884
4.162081 -4.372781 0.276931 43.555209
4.172086 -4.390296 0.277141 43.662531
4.182091 -4.407807 0.277459 43.769851
4.192096 -4.425314 0.277885 43.877165
4.202101 -4.442814 0.278418 43.984473
4.212106 -4.460306 0.279059 44.091774
4.222111 -4.477789 0.279807 44.199065
4.232116 -4.495261 0.280662 44.306346
4.242121 -4.512722 0.281624 44.413615
4.252126 -4.530168 0.282691 44.520870
4.262131 -4.547600 0.283864 44.628111
4.272136 -4.565016 0.285142 44.735336
4.282141 -4.582415 0.286524 44.842544
4.292146 -4.599794 0.288009 44.949733
4.302151 -4.617154 0.289598 45.056902
4.312156 -4.634492 0.291289 45.164050
4.322161 -4.651807 0.293081 45.271176
4.332166 -4.669098 0.294974 45.378278
4.342171 -4.686365 0.296966 45.485355
4.352176 -4.703605 0.299058 45.592407
4.362181 -4.720817 0.301247 45.699431
4.372186 -4.738001 0.303533 45.806427
4.382191 -4.755155 0.305915 45.913393
4.392196 -4.772279 0.308392 46.020329
4.402201 -4.789370 0.310963 46.127234
4.412206 -4.806428 0.313626 46.234106
4.422211 -4.823453 0.316381 46.340945
4.432216 -4.840443 0.319225 46.447749
4.442221 -4.857397 0.322159 46.554518
4.452226 -4.874314 0.325181 46.661251
4.462231 -4.891193 0.328289 46.767947
4.472236 -4.908035 0.331483 46.874605
4.482241 -4.924836 0.334760 46.981224
4.492246 -4.941598 0.338120 47.087804
4.502251 -4.958319 0.341561 47.194343
4.512256 -4.974999 0.345081 47.300842
4.522261 -4.991636 0.348680 47.407299
4.532266 -5.008231 0.352356 47.513714
4.542271 -5.024782 0.356108 47.620086
4.552276 -5.041289 0.359933 47.726415
4.562281 -5.057751 0.363831 47.832700
4.572286 -5.074168 0.367800 47.938941
4.582291 -5.090540 0.371839 48.045137
4.592296 -5.106866 0.375946 48.151287
4.602301 -5.123145 0.380119 48.257392
4.612306 -5.139377 0.384357 48.363451
4.622311 -5.155561 0.388659 48.469463
4.632316 -5.171699 0.393023 48.575429
4.642321 -5.187788 0.397447 48.681347
4.652326 -5.203829 0.401931 48.787218
4.662331 -5.219821 0.406471 48.893042
4.672336 -5.235765 0.411068 48.998818
4.682341 -5.251660 0.415719 49.104546
4.692346 -5.267506 0.420423 49.210226
4.702351 -5.283302 0.425178 49.315858
4.712356 -5.299049 0.429983 49.421441
4.722361 -5.314747 0.434836 49.526976
4.732366 -5.330395 0.439736 49.632463
4.742371 -5.345993 0.444681 49.737901
4.752376 -5.361542 0.449670 49.843290
4.762381 -5.377041 0.454701 49.948632
4.772386 -5.392491 0.459773 50.053924
4.782391 -5.407891 0.464884 50.159169
4.792396 -5.423241 0.470034 50.264365
4.802401 -5.438542 0.475219 50.369513
4.812406 -5.453793 0.480440 50.474613
4.822411 -5.468995 0.485694 50.579665
4.832416 -5.484148 0.490980 50.684669
4.842421 -5.499252 0.496298 50.789625
4.852426 -5.514307 0.501644 50.894534
4.862431 -5.529313 0.507019 50.999396
4.872436 -5.544271 0.512420 51.104211
4.882441 -5.559180 0.517847 51.208979
4.892446 -5.574041 0.523298 51.313701
4.902451 -5.588855 0.528771 51.418376
4.912456 -5.603620 0.534266 51.523006
4.922461 -5.618339 0.539782 51.627589
4.932466 -5.633010 0.545316 51.732127
4.942471 -5.647634 0.550868 51.836620
4.952476 -5.662212 0.556436 51.941069
4.962481 -5.676744 0.562020 52.045473
4.972486 -5.691229 0.567618 52.149832
4.982491 -5.705669 0.573229 52.254148
4.992496 -5.720063 0.578852 52.358420
5.002501 -5.734413 0.584486 52.462650
5.012506 -5.748718 0.590129 52.566837
5.022511 -5.762978 0.595781 52.670981
5.032516 -5.777194 0.601441 52.775083
5.042521 -5.791367 0.607107 52.879144
5.052526 -5.805496 0.612778 52.983164
5.062531 -5.819583 0.618454 53.087143
5.072536 -5.833627 0.624134 53.191081
5.082541 -5.847628 0.629816 53.294980
5.092546 -5.861588 0.635499 53.398839
5.102551 -5.875506 0.641184 53.502658
5.112556 -5.889383 0.646868 53.606440
5.122561 -5.903219 0.652550 53.710182
5.132566 -5.917015 0.658231 53.813887
5.142571 -5.930771 0.663909 53.917555
5.152576 -5.944488 0.669584 54.021185
5.162581 -5.958165 0.675254 54.124779
5.172586 -5.971803 0.680918 54.228337
5.182591 -5.985403 0.686577 54.331859
5.192596 -5.998965 0.692228 54.435346
5.202601 -6.012489 0.697873 54.538798
5.212606 -6.025976 0.703509 54.642216
5.222611 -6.039426 0.709136 54.745599
5.232616 -6.052839 0.714753 54.848950
5.242621 -6.066217 0.720360 54.952267
5.252626 -6.079558 0.725956 55.055551
5.262631 -6.092864 0.731541 55.158803
5.272636 -6.106136 0.737113 55.262023
5.282641 -6.119372 0.742673 55.365212
5.292646 -6.132574 0.748219 55.468370
5.302651 -6.145743 0.753751 55.571498
5.312656 -6.158878 0.759269 55.674596
5.322661 -6.171980 0.764772 55.777664
5.332666 -6.185049 0.770259 55.880702
5.342671 -6.198085 0.775730 55.983712
5.352676 -6.211090 0.781184 56.086694
5.362681 -6.224063 0.786622 56.189648
5.372686 -6.237004 0.792042 56.292574
5.382691 -6.249915 0.797444 56.395473
5.392696 -6.262795 0.802828 56.498345
5.402701 -6.275644 0.808194 56.601192
5.412706 -6.288464 0.813540 56.704012
5.422711 -6.301254 0.818866 56.806807
5.432716 -6.314015 0.824173 56.909577
5.442721 -6.326747 0.829459 57.012322
5.452726 -6.339450 0.834725 57.115043
5.462731 -6.352125 0.839969 57.217741
5.472736 -6.364772 0.845193 57.320415
5.482741 -6.377391 0.850395 57.423066
5.492746 -6.389983 0.855575 57.525694
5.502751 -6.402548 0.860733 57.628300
5.512756 -6.415086 0.865868 57.730884
5.522761 -6.427598 0.870981 57.833447
5.532766 -6.440084 0.876071 57.935989
5.542771 -6.452544 0.881137 58.038510
5.552776 -6.464978 0.886180 58.141010
5.562781 -6.477387 0.891200 58.243491
5.572786 -6.489771 0.896195 58.345953
5.582791 -6.502130 0.901167 58.448395
5.592796 -6.514464 0.906114 58.550818
5.602801 -6.526775 0.911037 58.653223
5.612806 -6.539062 0.915935 58.755609
5.622811 -6.551325 0.920809 58.857978
5.632816 -6.563564 0.925658 58.960330
5.642821 -6.575780 0.930481 59.062664
5.652826 -6.587974 0.935279 59.164982
5.662831 -6.600144 0.940052 59.267283
5.672836 -6.612293 0.944800 59.369569
5.682841 -6.624418 0.949522 59.471839
5.692846 -6.636522 0.954218 59.574093
5.702851 -6.648605 0.958889 59.676333
5.712856 -6.660665 0.963534 59.778557
5.722861 -6.672704 0.968152 59.880768
5.732866 -6.684723 0.972745 59.982965
5.742871 -6.696720 0.977312 60.085148
5.752876 -6.708696 0.981852 60.187317
5.762881 -6.720652 0.986367 60.289474
5.772886 -6.732587 0.990855 60.391618
5.782891 -6.744503 0.995317 60.493749
5.792896 -6.756398 0.999752 60.595869
5.802901 -6.768273 1.004162 60.697977
5.812906 -6.780129 1.008544 60.800073
5.822911 -6.791965 1.012901 60.902158
5.832916 -6.803782 1.017231 61.004233
5.842921 -6.815580 1.021534 61.106297
5.852926 -6.827359 1.025812 61.208351
5.862931 -6.839119 1.030062 61.310395
5.872936 -6.850860 1.034287 61.412429
5.882941 -6.862582 1.038485 61.514454
5.892946 -6.874286 1.042656 61.616470
5.902951 -6.885972 1.046802 61.718478
5.912956 -6.897640 1.050921 61.820477
5.922961 -6.909289 1.055013 61.922468
5.932966 -6.920921 1.059080 62.024451
5.942971 -6.932535 1.063120 62.126426
5.952976 -6.944131 1.067134 62.228395
5.962981 -6.955709 1.071122 62.330356
5.972986 -6.967270 1.075083 62.432311
5.982991 -6.978814 1.079019 62.534260
5.992996 -6.990340 1.082929 62.636202
6.003002 -7.001849 1.086812 62.738138
6.013007 -7.013340 1.090670 62.840070
6.023012 -7.024815 1.094502 62.941995
6.033017 -7.036273 1.098309 63.043916
6.043022 -7.047713 1.102089 63.145832
6.053027 -7.059137 1.105844 63.247744
6.063032 -7.070544 1.109574 63.349652
6.073037 -7.081934 1.113278 63.451556
6.083042 -7.093308 1.116957 63.553456
6.093047 -7.104664 1.120610 63.655353
6.103052 -7.116005 1.124239 63.757247
6.113057 -7.127328 1.127842 63.859138
6.123062 -7.138635 1.131420 63.961027
6.133067 -7.149926 1.134973 64.062913
6.143072 -7.161200 1.138502 64.164798
6.153077 -7.172457 1.142005 64.266681
6.163082 -7.183698 1.145484 64.368563
6.173087 -7.194923 1.148939 64.470443
6.183092 -7.206131 1.152369 64.572323
6.193097 -7.217323 1.155775 64.674203
6.203102 -7.228498 1.159156 64.776082
6.213107 -7.239657 1.162514 64.877961
6.223112 -7.250799 1.165847 64.979840
6.233117 -7.261925 1.169157 65.081720
6.243122 -7.273034 1.172442 65.183601
6.253127 -7.284127 1.175704 65.285483
6.263132 -7.295203 1.178943 65.387366
6.273137 -7.306263 1.182158 65.489251
6.283142 -7.317306 1.185349 65.591139
6.293147 -7.328332 1.188518 65.693028
6.303152 -7.339342 1.191663 65.794920
6.313157 -7.350334 1.194785 65.896815
6.323162 -7.361310 1.197885 65.998712
6.333167 -7.372269 1.200961 66.100614
6.343172 -7.383211 1.204015 66.202519
6.353177 -7.394136 1.207047 66.304428
6.363182 -7.405044 1.210056 66.406341
6.373187 -7.415935 1.213042 66.508259
6.383192 -7.426808 1.216007 66.610181
6.393197 -7.437664 1.218950 66.712109
6.403202 -7.448502 1.221870 66.814043
6.413207 -7.459323 1.224769 66.915982
6.423212 -7.470126 1.227646 67.017927
6.433217 -7.480912 1.230502 67.119879
6.443222 -7.491679 1.233336 67.221837
6.453227 -7.502428 1.236148 67.323802
6.463232 -7.513159 1.238940 67.425775
6.473237 -7.523872 1.241710 67.527755
6.483242 -7.534566 1.244460 67.629743
6.493247 -7.545242 1.247189 67.731739
6.503252 -7.555898 1.249897 67.833744
6.513257 -7.566536 1.252584 67.935758
6.523262 -7.577155 1.255251 68.037782
6.533267 -7.587755 1.257898 68.139814
6.543272 -7.598335 1.260524 68.241857
6.553277 -7.608895 1.263131 68.343910
6.563282 -7.619435 1.265717 68.445973
6.573287 -7.629956 1.268284 68.548048
6.583292 -7.640456 1.270831 68.650134
6.593297 -7.650936 1.273358 68.752231
6.603302 -7.661395 1.275866 68.854341
6.613307 -7.671834 1.278354 68.956462
6.623312 -7.682251 1.280824 69.058597
6.633317 -7.692647 1.283274 69.160745
6.643322 -7.703021 1.285705 69.262906
6.653327 -7.713374 1.288117 69.365081
6.663332 -7.723704 1.290511 69.467270
6.673337 -7.734013 1.292886 69.569474
6.683342 -7.744298 1.295242 69.671693
6.693347 -7.754561 1.297580 69.773927
6.703352 -7.764801 1.299900 69.876178
6.713357 -7.775017 1.302201 69.978444
6.723362 -7.785209 1.304485 70.080727
6.733367 -7.795378 1.306750 70.183027
6.743372 -7.805522 1.308998 70.285345
6.753377 -7.815642 1.311228 70.387681
6.763382 -7.825736 1.313441 70.490035
6.773387 -7.835805 1.315636 70.592408
6.783392 -7.845849 1.317813 70.694800
6.793397 -7.855866 1.319974 70.797212
6.803402 -7.865858 1.322117 70.899644
6.813407 -7.875822 1.324243 71.002097
6.823412 -7.885760 1.326353 71.104570
6.833417 -7.895669 1.328445 71.207066
6.843422 -7.905551 1.330521 71.309583
6.853427 -7.915405 1.332581 71.412124
6.863432 -7.925230 1.334623 71.514687
6.873437 -7.935026 1.336650 71.617274
6.883442 -7.944793 1.338660 71.719885
6.893447 -7.954529 1.340654 71.822521
6.903452 -7.964235 1.342632 71.925182
6.913457 -7.973911 1.344594 72.027868
6.923462 -7.983555 1.346540 72.130581
6.933467 -7.993167 1.348470 72.233321
6.943472 -8.002747 1.350385 72.336088
6.953477 -8.012294 1.352284 72.438883
6.963482 -8.021808 1.354168 72.541707
6.973487 -8.031287 1.356036 72.644560
6.983492 -8.040733 1.357889 72.747443
6.993497 -8.050144 1.359727 72.850356
7.003502 -8.059519 1.361549 72.953300
7.013507 -8.068859 1.363357 73.056276
7.023512 -8.078162 1.365150 73.159285
7.033517 -8.087427 1.366928 73.262326
7.043522 -8.096655 1.368691 73.365400
7.053527 -8.105845 1.370439 73.468509
7.063532 -8.114996 1.372173 73.571653
7.073537 -8.124107 1.373893 73.674833
7.083542 -8.133178 1.375598 73.778049
7.093547 -8.142209 1.377289 73.881302
7.103552 -8.151197 1.378965 73.984593
7.113557 -8.160144 1.380628 74.087923
7.123562 -8.169048 1.382276 74.191291
7.133567 -8.177908 1.383910 74.294700
7.143572 -8.186724 1.385531 74.398150
7.153577 -8.195495 1.387137 74.501641
7.163582 -8.204220 1.388730 74.605175
7.173587 -8.212899 1.390309 74.708752
7.183592 -8.221530 1.391874 74.812373
7.193597 -8.230113 1.393426 74.916038
7.203602 -8.238648 1.394964 75.019750
7.213607 -8.247133 1.396489 75.123508
7.223612 -8.255568 1.398001 75.227313
7.233617 -8.263951 1.399499 75.331167
7.243622 -8.272282 1.400984 75.435070
7.253627 -8.280561 1.402455 75.539023
7.263632 -8.288785 1.403914 75.643027
7.273637 -8.296955 1.405359 75.747083
7.283642 -8.305070 1.406791 75.851192
7.293647 -8.313128 1.408211 75.955355
7.303652 -8.321128 1.409617 76.059573
7.313657 -8.329070 1.411011 76.163846
7.323662 -8.336953 1.412391 76.268176
7.333667 -8.344776 1.413759 76.372564
7.343672 -8.352537 1.415114 76.477011
7.353677 -8.360236 1.416457 76.581517
7.363682 -8.367872 1.417786 76.686085
7.373687 -8.375444 1.419103 76.790714
7.383692 -8.382951 1.420408 76.895406
7.393697 -8.390391 1.421699 77.000162
7.403702 -8.397764 1.422979 77.104984
7.413707 -8.405069 1.424245 77.209871
7.423712 -8.412305 1.425500 77.314826
7.433717 -8.419470 1.426741 77.419849
7.443722 -8.426563 1.427970 77.524942
7.453727 -8.433584 1.429187 77.630106
7.463732 -8.440531 1.430392 77.735341
7.473737 -8.447404 1.431583 77.840649
7.483742 -8.454200 1.432763 77.946031
7.493747 -8.460920 1.433930 78.051489
7.503752 -8.467561 1.435085 78.157023
7.513757 -8.474123 1.436227 78.262634
7.523762 -8.480604 1.437357 78.368324
7.533767 -8.487004 1.438475 78.474094
7.543772 -8.493321 1.439580 78.579945
7.553777 -8.499555 1.440673 78.685878
7.563782 -8.505703 1.441753 78.791895
7.573787 -8.511766 1.442821 78.897996
7.583792 -8.517741 1.443877 79.004182
7.593797 -8.523628 1.444920 79.110456
7.603802 -8.529425 1.445950 79.216817
7.613807 -8.535132 1.446968 79.323268
7.623812 -8.540747 1.447974 79.429809
7.633817 -8.546270 1.448967 79.536441
7.643822 -8.551699 1.449948 79.643166
7.653827 -8.557032 1.450916 79.749984
7.663832 -8.562270 1.451871 79.856897
7.673837 -8.567411 1.452814 79.963906
7.683842 -8.572454 1.453744 80.071011
7.693847 -8.577398 1.454661 80.178213
7.703852 -8.582243 1.455565 80.285515
7.713857 -8.586987 1.456457 80.392916
7.723862 -8.591629 1.457335 80.500417
7.733867 -8.596168 1.458201 80.608020
7.743872 -8.600604 1.459054 80.715725
7.753877 -8.604937 1.459893 80.823533
7.763882 -8.609164 1.460720 80.931444
7.773887 -8.613287 1.461533 81.039460
7.783892 -8.617303 1.462333 81.147581
7.793897 -8.621212 1.463120 81.255808
7.803902 -8.625015 1.463893 81.364141
7.813907 -8.628710 1.464653 81.472580
7.823912 -8.632297 1.465399 81.581126
7.833917 -8.635775 1.466132 81.689780
7.843922 -8.639146 1.466851 81.798541
7.853927 -8.642408 1.467556 81.907410
7.863932 -8.645561 1.468247 82.016387
7.873937 -8.648605 1.468925 82.125471
7.883942 -8.651541 1.469588 82.234664
7.893947 -8.654369 1.470237 82.343964
7.903952 -8.657088 1.470872 82.453371
7.913957 -8.659700 1.471492 82.562885
7.923962 -8.662204 1.472098 82.672506
7.933967 -8.664602 1.472690 82.782233
7.943972 -8.666894 1.473267 82.892065
7.953977 -8.669081 1.473829 83.002001
7.963982 -8.671164 1.474376 83.112041
7.973987 -8.673143 1.474909 83.222183
7.983992 -8.675021 1.475426 83.332427
7.993997 -8.676799 1.475928 83.442770
8.004002 -8.678477 1.476416 83.553213
8.014007 -8.680057 1.476887 83.663752
8.024012 -8.681542 1.477344 83.774386
8.034017 -8.682933 1.477785 83.885114
8.044022 -8.684231 1.478210 83.995934
8.054027 -8.685440 1.478619 84.106843
8.064032 -8.686561 1.479013 84.217839
8.074037 -8.687596 1.479391 84.328921
8.084042 -8.688549 1.479753 84.440084
8.094047 -8.689422 1.480099 84.551328
8.104052 -8.690217 1.480428 84.662649
8.114057 -8.690938 1.480742 84.774043
8.124062 -8.691587 1.481039 84.885509
8.134067 -8.692168 1.481319 84.997043
8.144072 -8.692684 1.481584 85.108641
8.154077 -8.693138 1.481831 85.220301
8.164082 -8.693534 1.482062 85.332019
8.174087 -8.693876 1.482277 85.443791
8.184092 -8.694166 1.482474 85.555614
8.194097 -8.694410 1.482655 85.667483
8.204102 -8.694611 1.482819 85.779395
8.214107 -8.694773 1.482966 85.891346
8.224112 -8.694900 1.483096 86.003332
8.234117 -8.694996 1.483209 86.115348
8.244122 -8.695065 1.483305 86.227391
8.254127 -8.695112 1.483384 86.339456
8.264132 -8.695141 1.483446 86.451540
8.274137 -8.695157 1.483491 86.563636
8.284142 -8.695163 1.483519 86.675743
8.294147 -8.695164 1.483530 86.787854
8.304152 -8.695164 1.483523 86.899965
8.314157 -8.695169 1.483500 87.012073
8.324162 -8.695181 1.483459 87.124172
8.334167 -8.695206 1.483401 87.236259
8.344172 -8.695249 1.483326 87.348329
8.354177 -8.695312 1.483235 87.460378
8.364182 -8.695401 1.483126 87.572402
8.374187 -8.695520 1.483000 87.684395
8.384192 -8.695673 1.482857 87.796355
8.394197 -8.695864 1.482697 87.908277
8.404202 -8.696097 1.482520 88.020158
8.414207 -8.696376 1.482327 88.131992
8.424212 -8.696705 1.482117 88.243777
8.434217 -8.697087 1.481890 88.355508
8.444222 -8.697527 1.481646 88.467182
8.454227 -8.698027 1.481386 88.578796
8.464232 -8.698592 1.481109 88.690346
8.474237 -8.699224 1.480816 88.801829
8.484242 -8.699926 1.480507 88.913242
8.494247 -8.700703 1.480181 89.024581
8.504252 -8.701556 1.479839 89.135843
8.514257 -8.702489 1.479481 89.247027
8.524262 -8.703504 1.479108 89.358129
8.534267 -8.704604 1.478718 89.469146
8.544272 -8.705791 1.478312 89.580077
8.554277 -8.707067 1.477891 89.690919
8.564282 -8.708435 1.477454 89.801670
8.574287 -8.709896 1.477001 89.912327
8.584292 -8.711453 1.476533 90.022890
8.594297 -8.713107 1.476050 90.133356
8.604302 -8.714860 1.475551 90.243724
8.614307 -8.716713 1.475037 90.353993
8.624312 -8.718667 1.474509 90.464160
8.634317 -8.720725 1.473965 90.574225
8.644322 -8.722886 1.473406 90.684187
8.654327 -8.725152 1.472833 90.794045
8.664332 -8.727524 1.472245 90.903797
8.674337 -8.730002 1.471643 91.013444
8.684342 -8.732587 1.471026 91.122985
8.694347 -8.735280 1.470394 91.232418
8.704352 -8.738081 1.469749 91.341745
8.714357 -8.740990 1.469089 91.450964
8.724362 -8.744008 1.468415 91.560075
8.734367 -8.747135 1.467727 91.669078
8.744372 -8.750370 1.467026 91.777974
8.754377 -8.753713 1.466310 91.886761
8.764382 -8.757166 1.465581 91.995441
8.774387 -8.760726 1.464838 92.104014
8.784392 -8.764394 1.464081 92.212479
8.794397 -8.768170 1.463311 92.320838
8.804402 -8.772054 1.462528 92.429091
8.814407 -8.776044 1.461731 92.537238
8.824412 -8.780140 1.460921 92.645279
8.834417 -8.784342 1.460098 92.753217
8.844422 -8.788648 1.459261 92.861050
8.854427 -8.793059 1.458412 92.968780
8.864432 -8.797573 1.457549 93.076408
8.874437 -8.802190 1.456674 93.183934
8.884442 -8.806909 1.455786 93.291360
8.894447 -8.811729 1.454884 93.398686
8.904452 -8.816648 1.453970 93.505912
8.914457 -8.821667 1.453043 93.613042
8.924462 -8.826784 1.452104 93.720074
8.934467 -8.831999 1.451152 93.827010
8.944472 -8.837309 1.450187 93.933851
8.954477 -8.842714 1.449209 94.040599
8.964482 -8.848214 1.448219 94.147254
8.974487 -8.853806 1.447217 94.253817
8.984492 -8.859491 1.446202 94.360290
8.994497 -8.865266 1.445174 94.466673
9.004502 -8.871131 1.444134 94.572968
9.014507 -8.877085 1.443082 94.679176
9.024512 -8.883126 1.442017 94.785298
9.034517 -8.889253 1.440939 94.891335
9.044522 -8.895466 1.439850 94.997289
9.054527 -8.901762 1.438747 95.103160
9.064532 -8.908142 1.437633 95.208950
9.074537 -8.914604 1.436506 95.314659
9.084542 -8.921146 1.435367 95.420290
9.094547 -8.927768 1.434215 95.525843
9.104552 -8.934468 1.433051 95.631319
9.114557 -8.941246 1.431875 95.736719
9.124562 -8.948100 1.430686 95.842046
9.134567 -8.955028 1.429484 95.947299
9.144572 -8.962031 1.428271 96.052480
9.154577 -8.969107 1.427045 96.157590
9.164582 -8.976255 1.425806 96.262630
9.174587 -8.983473 1.424555 96.367602
9.184592 -8.990761 1.423291 96.472506
9.194597 -8.998117 1.422015 96.577343
9.204602 -9.005541 1.420726 96.682115
9.214607 -9.013032 1.419425 96.786823
9.224612 -9.020588 1.418111 96.891468
9.234617 -9.028208 1.416785 96.996050
9.244622 -9.035892 1.415445 97.100572
9.254627 -9.043638 1.414094 97.205033
9.264632 -9.051446 1.412729 97.309435
9.274637 -9.059314 1.411351 97.413780
9.284642 -9.067242 1.409961 97.518067
9.294647 -9.075228 1.408558 97.622298
9.304652 -9.083272 1.407142 97.726474
9.314657 -9.091372 1.405712 97.830596
9.324662 -9.099528 1.404270 97.934665
9.334667 -9.107740 1.402815 98.038682
9.344672 -9.116005 1.401347 98.142647
9.354677 -9.124323 1.399865 98.246563
9.364682 -9.132694 1.398370 98.350428
9.374687 -9.141116 1.396862 98.454246
9.384692 -9.149589 1.395340 98.558015
9.394697 -9.158111 1.393806 98.661738
9.404702 -9.166683 1.392257 98.765415
9.414707 -9.175303 1.390695 98.869047
9.424712 -9.183970 1.389119 98.972635
9.434717 -9.192684 1.387530 99.076179
9.444722 -9.201443 1.385927 99.179680
9.454727 -9.210248 1.384310 99.283140
9.464732 -9.219098 1.382679 99.386559
9.474737 -9.227991 1.381034 99.489938
9.484742 -9.236927 1.379375 99.593277
9.494747 -9.245905 1.377702 99.696577
9.504752 -9.254925 1.376015 99.799839
9.514757 -9.263986 1.374313 99.903064
9.524762 -9.273088 1.372597 100.006253
9.534767 -9.282229 1.370867 100.109406
9.544772 -9.291409 1.369122 100.212523
9.554777 -9.300628 1.367362 100.315606
9.564782 -9.309884 1.365588 100.418656
9.574787 -9.319178 1.363799 100.521672
9.584792 -9.328509 1.361995 100.624656
9.594797 -9.337875 1.360176 100.727608
9.604802 -9.347278 1.358342 100.830528
9.614807 -9.356715 1.356493 100.933419
9.624812 -9.366186 1.354628 101.036279
9.634817 -9.375692 1.352748 101.139110
9.644822 -9.385231 1.350853 101.241912
9.654827 -9.394803 1.348942 101.344686
9.664832 -9.404407 1.347016 101.447433
9.674837 -9.414043 1.345074 101.550152
9.684842 -9.423710 1.343116 101.652845
9.694847 -9.433409 1.341142 101.755512
9.704852 -9.443138 1.339152 101.858154
9.714857 -9.452897 1.337145 101.960771
9.724862 -9.462686 1.335123 102.063364
9.734867 -9.472504 1.333084 102.165933
9.744872 -9.482351 1.331029 102.268479
9.754877 -9.492226 1.328957 102.371002
9.764882 -9.502129 1.326869 102.473503
9.774887 -9.512060 1.324764 102.575982
9.784892 -9.522018 1.322642 102.678440
9.794897 -9.532002 1.320502 102.780877
9.804902 -9.542013 1.318346 102.883294
9.814907 -9.552051 1.316173 102.985691
9.824912 -9.562114 1.313982 103.088068
9.834917 -9.572202 1.311774 103.190427
9.844922 -9.582315 1.309548 103.292767
9.854927 -9.592453 1.307305 103.395089
9.864932 -9.602616 1.305043 103.497394
9.874937 -9.612803 1.302764 103.599681
9.884942 -9.623013 1.300467 103.701951
9.894947 -9.633247 1.298152 103.804206
9.904952 -9.643504 1.295818 103.906444
9.914957 -9.653784 1.293467 104.008667
9.924962 -9.664087 1.291096 104.110874
9.934967 -9.674412 1.288707 104.213067
9.944972 -9.684759 1.286300 104.315246
9.954977 -9.695128 1.283873 104.417410
9.964982 -9.705519 1.281428 104.519561
9.974987 -9.715931 1.278963 104.621699
9.984992 -9.726364 1.276479 104.723824
9.994997 -9.736818 1.273976 104.825936
10.005003 -9.747293 1.271454 104.928037
10.015008 -9.757788 1.268912 105.030125
10.025013 -9.768304 1.266350 105.132202
10.035018 -9.778839 1.263769 105.234269
10.045023 -9.789395 1.261167 105.336324
10.055028 -9.799970 1.258546 105.438369
10.065033 -9.810565 1.255904 105.540404
10.075038 -9.821179 1.253242 105.642430
10.085043 -9.831812 1.250559 105.744446
10.095048 -9.842464 1.247856 105.846453
10.105053 -9.853135 1.245133 105.948452
10.115058 -9.863825 1.242388 106.050442
10.125063 -9.874533 1.239623 106.152424
10.135068 -9.885259 1.236837 106.254399
10.145073 -9.896004 1.234029 106.356366
10.155078 -9.906767 1.231200 106.458325
10.165083 -9.917548 1.228350 106.560279
10.175088 -9.928347 1.225478 106.662225
10.185093 -9.939163 1.222585 106.764166
10.195098 -9.949997 1.219670 106.866101
10.205103 -9.960849 1.216732 106.968030
10.215108 -9.971718 1.213773 107.069954
10.225113 -9.982604 1.210792 107.171873
10.235118 -9.993508 1.207789 107.273787
10.245123 -10.004429 1.204763 107.375697
10.255128 -10.015367 1.201714 107.477603
10.265133 -10.026321 1.198643 107.579505
10.275138 -10.037293 1.195549 107.681404
10.285143 -10.048282 1.192433 107.783299
10.295148 -10.059287 1.189293 107.885192
10.305153 -10.070310 1.186130 107.987082
10.315158 -10.081348 1.182945 108.088970
10.325163 -10.092404 1.179735 108.190855
10.335168 -10.103476 1.176503 108.292739
10.345173 -10.114565 1.173247 108.394621
10.355178 -10.125670 1.169967 108.496502
10.365183 -10.136792 1.166663 108.598383
10.375188 -10.147930 1.163335 108.700262
10.385193 -10.159085 1.159984 108.802141
10.395198 -10.170256 1.156608 108.904020
10.405203 -10.181444 1.153209 109.005899
10.415208 -10.192648 1.149784 109.107779
10.425213 -10.203868 1.146336 109.209660
10.435218 -10.215105 1.142863 109.311541
10.445223 -10.226359 1.139365 109.413424
10.455228 -10.237629 1.135843 109.515308
10.465233 -10.248915 1.132296 109.617194
10.475238 -10.260218 1.128724 109.719082
10.485243 -10.271538 1.125127 109.820973
10.495248 -10.282874 1.121505 109.922866
10.505253 -10.294226 1.117857 110.024762
10.515258 -10.305596 1.114185 110.126662
10.525263 -10.316982 1.110487 110.228565
10.535268 -10.328385 1.106764 110.330471
10.545273 -10.339804 1.103015 110.432382
10.555278 -10.351241 1.099240 110.534297
10.565283 -10.362694 1.095440 110.636217
10.575288 -10.374165 1.091615 110.738141
10.585293 -10.385652 1.087763 110.840071
10.595298 -10.397157 1.083886 110.942006
10.605303 -10.408679 1.079982 111.043947
10.615308 -10.420218 1.076053 111.145894
10.625313 -10.431774 1.072098 111.247847
10.635318 -10.443348 1.068117 111.349807
10.645323 -10.454940 1.064109 111.451774
10.655328 -10.466550 1.060075 111.553748
10.665333 -10.478177 1.056015 111.655729
10.675338 -10.489822 1.051929 111.757718
10.685343 -10.501485 1.047817 111.859715
10.695348 -10.513166 1.043678 111.961720
10.705353 -10.524866 1.039513 112.063734
10.715358 -10.536584 1.035321 112.165757
10.725363 -10.548321 1.031103 112.267789
10.735368 -10.560076 1.026859 112.369831
10.745373 -10.571850 1.022588 112.471882
10.755378 -10.583643 1.018291 112.573943
10.765383 -10.595455 1.013968 112.676015
10.775388 -10.607287 1.009618 112.778098
10.785393 -10.619138 1.005241 112.880192
10.795398 -10.631008 1.000839 112.982297
10.805403 -10.642899 0.996410 113.084413
10.815408 -10.654809 0.991954 113.186542
10.825413 -10.666740 0.987473 113.288683
10.835418 -10.678690 0.982965 113.390836
10.845423 -10.690662 0.978431 113.493003
10.855428 -10.702654 0.973870 113.595182
10.865433 -10.714667 0.969284 113.697376
10.875438 -10.726701 0.964671 113.799583
10.885443 -10.738756 0.960033 113.901804
10.895448 -10.750833 0.955369 114.004040
10.905453 -10.762931 0.950679 114.106291
10.915458 -10.775052 0.945963 114.208557
10.925463 -10.787195 0.941222 114.310838
10.935468 -10.799360 0.936455 114.413136
10.945473 -10.811547 0.931663 114.515449
10.955478 -10.823758 0.926846 114.617780
10.965483 -10.835992 0.922003 114.720127
10.975488 -10.848249 0.917136 114.822492
10.985493 -10.860530 0.912244 114.924874
10.995498 -10.872834 0.907327 115.027274
11.005503 -10.885163 0.902385 115.129693
11.015508 -10.897516 0.897420 115.232130
11.025513 -10.909894 0.892430 115.334587
11.035518 -10.922297 0.887416 115.437063
11.045523 -10.934725 0.882379 115.539558
11.055528 -10.947178 0.877318 115.642074
11.065533 -10.959657 0.872234 115.744611
11.075538 -10.972163 0.867127 115.847169
11.085543 -10.984694 0.861997 115.949748
11.095548 -10.997253 0.856845 116.052348
11.105553 -11.009838 0.851670 116.154971
11.115558 -11.022451 0.846474 116.257616
11.125563 -11.035091 0.841255 116.360285
11.135568 -11.047759 0.836016 116.462976
11.145573 -11.060455 0.830755 116.565691
11.155578 -11.073180 0.825474 116.668431
11.165583 -11.085934 0.820172 116.771195
11.175588 -11.098716 0.814851 116.873983
11.185593 -11.111529 0.809510 116.976798
11.195598 -11.124371 0.804149 117.079637
11.205603 -11.137243 0.798770 117.182503
11.215608 -11.150146 0.793372 117.285396
11.225613 -11.163080 0.787956 117.388315
11.235618 -11.176046 0.782523 117.491262
11.245623 -11.189042 0.777072 117.594237
11.255628 -11.202071 0.771605 117.697240
11.265633 -11.215132 0.766122 117.800272
11.275638 -11.228226 0.760623 117.903332
11.285643 -11.241352 0.755109 118.006422
11.295648 -11.254513 0.749580 118.109543
11.305653 -11.267707 0.744037 118.212693
11.315658 -11.280935 0.738481 118.315875
11.325663 -11.294197 0.732912 118.419087
11.335668 -11.307495 0.727330 118.522331
11.345673 -11.320828 0.721737 118.625608
11.355678 -11.334196 0.716133 118.728917
11.365683 -11.347601 0.710518 118.832259
11.375688 -11.361042 0.704893 118.935634
11.385693 -11.374519 0.699259 119.039043
11.395698 -11.388034 0.693617 119.142487
11.405703 -11.401587 0.687967 119.245965
11.415708 -11.415177 0.682310 119.349478
11.425713 -11.428806 0.676647 119.453027
11.435718 -11.442474 0.670978 119.556612
11.445723 -11.456180 0.665305 119.660234
11.455728 -11.469927 0.659627 119.763892
11.465733 -11.483713 0.653947 119.867588
11.475738 -11.497539 0.648265 119.971322
11.485743 -11.511406 0.642581 120.075093
11.495748 -11.525314 0.636897 120.178904
11.505753 -11.539264 0.631213 120.282753
11.515758 -11.553255 0.625530 120.386642
11.525763 -11.567288 0.619850 120.490570
11.535768 -11.581364 0.614173 120.594539
11.545773 -11.595483 0.608501 120.698549
11.555778 -11.609645 0.602833 120.802599
11.565783 -11.623850 0.597172 120.906692
11.575788 -11.638100 0.591518 121.010826
11.585793 -11.652394 0.585872 121.115002
11.595798 -11.666732 0.580236 121.219221
11.605803 -11.681116 0.574611 121.323482
11.615808 -11.695544 0.568997 121.427788
11.625813 -11.710018 0.563395 121.532136
11.635818 -11.724539 0.557808 121.636529
11.645823 -11.739105 0.552235 121.740967
11.655828 -11.753718 0.546679 121.845449
11.665833 -11.768378 0.541140 121.949976
11.675838 -11.783084 0.535620 122.054548
11.685843 -11.797838 0.530120 122.159166
11.695848 -11.812640 0.524641 122.263830
11.705853 -11.827490 0.519185 122.368540
11.715858 -11.842387 0.513752 122.473297
11.725863 -11.857333 0.508344 122.578100
11.735868 -11.872327 0.502963 122.682951
11.745873 -11.887370 0.497609 122.787848
11.755878 -11.902462 0.492285 122.892793
11.765883 -11.917603 0.486991 122.997786
11.775888 -11.932793 0.481728 123.102826
11.785893 -11.948032 0.476499 123.207914
11.795898 -11.963320 0.471305 123.313050
11.805903 -11.978659 0.466147 123.418234
11.815908 -11.994046 0.461026 123.523467
11.825913 -12.009483 0.455944 123.628748
11.835918 -12.024970 0.450903 123.734077
11.845923 -12.040507 0.445904 123.839455
11.855928 -12.056093 0.440947 123.944881
11.865933 -12.071729 0.436036 124.050355
11.875938 -12.087414 0.431172 124.155879
11.885943 -12.103149 0.426355 124.261450
11.895948 -12.118934 0.421587 124.367070
11.905953 -12.134767 0.416871 124.472738
11.915958 -12.150650 0.412207 124.578454
11.925963 -12.166582 0.407596 124.684218
11.935968 -12.182562 0.403042 124.790030
11.945973 -12.198592 0.398544 124.895890
11.955978 -12.214669 0.394105 125.001797
11.965983 -12.230794 0.389726 125.107751
11.975988 -12.246968 0.385409 125.213752
11.985993 -12.263188 0.381155 125.319799
11.995998 -12.279456 0.376965 125.425893
12.006003 -12.295770 0.372842 125.532032
12.016008 -12.312130 0.368787 125.638217
12.026013 -12.328536 0.364800 125.744446
12.036018 -12.344987 0.360885 125.850720
12.046023 -12.361484 0.357041 125.957039
12.056028 -12.378024 0.353272 126.063400
12.066033 -12.394608 0.349577 126.169805
12.076038 -12.411235 0.345959 126.276252
12.086043 -12.427904 0.342419 126.382740
12.096048 -12.444615 0.338958 126.489270
12.106053 -12.461367 0.335578 126.595840
12.116058 -12.478159 0.332281 126.702449
12.126063 -12.494990 0.329066 126.809098
12.136068 -12.511860 0.325937 126.915784
12.146073 -12.528768 0.322894 127.022508
12.156078 -12.545713 0.319939 127.129268
12.166083 -12.562694 0.317072 127.236064
12.176088 -12.579710 0.314295 127.342894
12.186093 -12.596761 0.311609 127.449758
12.196098 -12.613844 0.309015 127.556655
12.206103 -12.630960 0.306515 127.663583
12.216108 -12.648106 0.304110 127.770543
12.226113 -12.665283 0.301800 127.877531
12.236118 -12.682489 0.299587 127.984549
12.246123 -12.699722 0.297471 128.091593
12.256128 -12.716982 0.295454 128.198664
12.266133 -12.734267 0.293537 128.305760
12.276138 -12.751577 0.291720 128.412880
12.286143 -12.768909 0.290004 128.520023
12.296148 -12.786264 0.288390 128.627187
12.306153 -12.803638 0.286879 128.734372
12.316158 -12.821032 0.285472 128.841575
12.326163 -12.838444 0.284168 128.948796
12.336168 -12.855872 0.282970 129.056033
12.346173 -12.873315 0.281876 129.163285
12.356178 -12.890773 0.280889 129.270551
12.366183 -12.908242 0.280008 129.377829
12.376188 -12.925722 0.279233 129.485118
12.386193 -12.943213 0.278566 129.592416
12.396198 -12.960711 0.278006 129.699722
12.406203 -12.978216 0.277554 129.807035
12.416208 -12.995726 0.277209 129.914354
12.426213 -13.013240 0.276973 130.021676
12.436218 -13.030757 0.276845 130.129000
12.446223 -13.048274 0.276825 130.236326
12.456228 -13.065792 0.276913 130.343651
12.466233 -13.083307 0.277109 130.450974
12.476238 -13.100819 0.277414 130.558294
12.486243 -13.118326 0.277827 130.665609
12.496248 -13.135827 0.278347 130.772918
12.506253 -13.153320 0.278975 130.880219
12.516258 -13.170804 0.279710 130.987512
12.526263 -13.188278 0.280552 131.094794
12.536268 -13.205740 0.281500 131.202064
12.546273 -13.223188 0.282554 131.309322
12.556278 -13.240622 0.283714 131.416565
12.566283 -13.258040 0.284979 131.523792
12.576288 -13.275441 0.286348 131.631002
12.586293 -13.292823 0.287821 131.738193
12.596298 -13.310185 0.289397 131.845365
12.606303 -13.327525 0.291075 131.952515
12.616308 -13.344844 0.292855 132.059644
12.626313 -13.362138 0.294736 132.166749
12.636318 -13.379407 0.296716 132.273829
12.646323 -13.396651 0.298795 132.380884
12.656328 -13.413867 0.300973 132.487911
12.666333 -13.431054 0.303247 132.594911
12.676338 -13.448212 0.305617 132.701881
12.686343 -13.465339 0.308083 132.808821
12.696348 -13.482434 0.310642 132.915730
12.706353 -13.499497 0.313294 133.022606
12.716358 -13.516526 0.316037 133.129449
12.726363 -13.533520 0.318871 133.236257
12.736368 -13.550478 0.321794 133.343031
12.746373 -13.567400 0.324805 133.449768
12.756378 -13.584284 0.327903 133.556468
12.766383 -13.601130 0.331086 133.663131
12.776388 -13.617937 0.334353 133.769755
12.786393 -13.634704 0.337702 133.876340
12.796398 -13.651430 0.341133 133.982884
12.806403 -13.668114 0.344644 134.089388
12.816408 -13.684757 0.348234 134.195850
12.826413 -13.701357 0.351900 134.302270
12.836418 -13.717913 0.355643 134.408648
12.846423 -13.734426 0.359459 134.514982
12.856428 -13.750894 0.363348 134.621272
12.866433 -13.767316 0.367309 134.727519
12.876438 -13.783694 0.371339 134.833720
12.886443 -13.800025 0.375437 134.939876
12.896448 -13.816310 0.379602 135.045986
12.906453 -13.832548 0.383833 135.152051
12.916458 -13.848738 0.388127 135.258069
12.926463 -13.864881 0.392483 135.364040
12.936468 -13.880976 0.396900 135.469965
12.946473 -13.897023 0.401377 135.575842
12.956478 -13.913022 0.405910 135.681671
12.966483 -13.928972 0.410500 135.787453
12.976488 -13.944873 0.415145 135.893187
12.986493 -13.960724 0.419842 135.998873
12.996498 -13.976527 0.424591 136.104510
13.006503 -13.992280 0.429390 136.210100
13.016508 -14.007984 0.434237 136.315641
13.026513 -14.023638 0.439131 136.421133
13.036518 -14.039242 0.444071 136.526577
13.046523 -14.054797 0.449054 136.631973
13.056528 -14.070302 0.454080 136.737320
13.066533 -14.085758 0.459148 136.842619
13.076538 -14.101164 0.464254 136.947869
13.086543 -14.116520 0.469399 137.053071
13.096548 -14.131827 0.474580 137.158225
13.106553 -14.147085 0.479796 137.263331
13.116558 -14.162293 0.485046 137.368389
13.126563 -14.177452 0.490329 137.473399
13.136568 -14.192561 0.495642 137.578361
13.146573 -14.207622 0.500986 137.683276
13.156578 -14.222635 0.506357 137.788144
13.166583 -14.237598 0.511755 137.892964
13.176588 -14.252514 0.517179 137.997738
13.186593 -14.267381 0.522627 138.102466
13.196598 -14.282200 0.528097 138.207147
13.206603 -14.296972 0.533590 138.311781
13.216608 -14.311696 0.539103 138.416371
13.226613 -14.326373 0.544635 138.520914
13.236618 -14.341003 0.550184 138.625413
13.246623 -14.355586 0.555751 138.729867
13.256628 -14.370124 0.561333 138.834276
13.266633 -14.384615 0.566929 138.938641
13.276638 -14.399060 0.572539 139.042962
13.286643 -14.413460 0.578161 139.147240
13.296648 -14.427815 0.583793 139.251475
13.306653 -14.442125 0.589435 139.355667
13.316658 -14.456391 0.595086 139.459816
13.326663 -14.470613 0.600745 139.563924
13.336668 -14.484791 0.606410 139.667990
13.346673 -14.498926 0.612081 139.772014
13.356678 -14.513017 0.617756 139.875998
13.366683 -14.527066 0.623436 139.979942
13.376688 -14.541073 0.629117 140.083845
13.386693 -14.555038 0.634801 140.187709
13.396698 -14.568961 0.640485 140.291533
13.406703 -14.582843 0.646169 140.395319
13.416708 -14.596684 0.651852 140.499067
13.426713 -14.610485 0.657533 140.602776
13.436718 -14.624246 0.663212 140.706449
13.446723 -14.637967 0.668886 140.810084
13.456728 -14.651649 0.674557 140.913682
13.466733 -14.665293 0.680222 141.017244
13.476738 -14.678897 0.685882 141.120771
13.486743 -14.692464 0.691534 141.224262
13.496748 -14.705992 0.697179 141.327718
13.506753 -14.719484 0.702816 141.431140
13.516758 -14.732938 0.708445 141.534528
13.526763 -14.746356 0.714063 141.637882
13.536768 -14.759738 0.719672 141.741203
13.546773 -14.773084 0.725269 141.844491
13.556778 -14.786394 0.730855 141.947747
13.566783 -14.799670 0.736429 142.050972
13.576788 -14.812911 0.741990 142.154165
13.586793 -14.826117 0.747538 142.257326
13.596798 -14.839290 0.753072 142.360458
13.606803 -14.852429 0.758591 142.463559
13.616808 -14.865534 0.764096 142.566630
13.626813 -14.878608 0.769585 142.669673
13.636818 -14.891648 0.775058 142.772686
13.646823 -14.904657 0.780515 142.875671
13.656828 -14.917633 0.785955 142.978628
13.666833 -14.930579 0.791377 143.081558
13.676838 -14.943493 0.796781 143.184460
13.686843 -14.956377 0.802168 143.287336
13.696848 -14.969230 0.807535 143.390186
13.706853 -14.982053 0.812883 143.493009
13.716858 -14.994847 0.818212 143.595807
13.726863 -15.007612 0.823521 143.698580
13.736868 -15.020347 0.828810 143.801328
13.746873 -15.033054 0.834079 143.904053
13.756878 -15.045732 0.839326 144.006753
13.766883 -15.058383 0.844552 144.109430
13.776888 -15.071005 0.849757 144.212083
13.786893 -15.083601 0.854939 144.314714
13.796898 -15.096169 0.860100 144.417323
13.806903 -15.108710 0.865238 144.519910
13.816908 -15.121225 0.870354 144.622476
13.826913 -15.133714 0.875446 144.725020
13.836918 -15.146177 0.880516 144.827543
13.846923 -15.158614 0.885562 144.930047
13.856928 -15.171026 0.890584 145.032530
13.866933 -15.183413 0.895583 145.134993
13.876938 -15.195776 0.900557 145.237438
13.886943 -15.208113 0.905507 145.339863
13.896948 -15.220427 0.910433 145.442270
13.906953 -15.232716 0.915335 145.544659
13.916958 -15.244982 0.920211 145.647030
13.926963 -15.257224 0.925063 145.749384
13.936968 -15.269444 0.929890 145.851720
13.946973 -15.281640 0.934691 145.954040
13.956978 -15.293813 0.939467 146.056344
13.966983 -15.305964 0.944218 146.158631
13.976988 -15.318093 0.948943 146.260903
13.986993 -15.330199 0.953642 146.363159
13.996998 -15.342284 0.958316 146.465401
14.007004 -15.354348 0.962964 146.567627
14.017009 -15.366389 0.967586 146.669839
14.027014 -15.378410 0.972182 146.772038
14.037019 -15.390410 0.976752 146.874222
14.047024 -15.402389 0.981296 146.976394
14.057029 -15.414347 0.985813 147.078552
14.067034 -15.426285 0.990305 147.180697
14.077039 -15.438203 0.994770 147.282830
14.087044 -15.450100 0.999209 147.384951
14.097049 -15.461978 1.003621 147.487061
14.107054 -15.473836 1.008007 147.589158
14.117059 -15.485675 1.012367 147.691245
14.127064 -15.497494 1.016700 147.793321
14.137069 -15.509294 1.021007 147.895386
14.147074 -15.521076 1.025287 147.997441
14.157079 -15.532838 1.029541 148.099486
14.167084 -15.544581 1.033769 148.201522
14.177089 -15.556306 1.037970 148.303548
14.187094 -15.568012 1.042145 148.405565
14.197099 -15.579701 1.046294 148.507574
14.207104 -15.591370 1.050416 148.609574
14.217109 -15.603022 1.054512 148.711566
14.227114 -15.614656 1.058581 148.813550
14.237119 -15.626272 1.062625 148.915527
14.247124 -15.637870 1.066642 149.017496
14.257129 -15.649451 1.070633 149.119458
14.267134 -15.661014 1.074598 149.221414
14.277139 -15.672559 1.078537 149.323363
14.287144 -15.684088 1.082449 149.425306
14.297149 -15.695599 1.086336 149.527243
14.307154 -15.707092 1.090197 149.629175
14.317159 -15.718569 1.094033 149.731101
14.327164 -15.730029 1.097842 149.833023
14.337169 -15.741471 1.101626 149.934940
14.347174 -15.752897 1.105384 150.036852
14.357179 -15.764306 1.109117 150.138760
14.367184 -15.775699 1.112824 150.240664
14.377189 -15.787074 1.116506 150.342565
14.387194 -15.798433 1.120163 150.444462
14.397199 -15.809775 1.123794 150.546357
14.407204 -15.821101 1.127400 150.648248
14.417209 -15.832410 1.130981 150.750137
14.427214 -15.843702 1.134538 150.852024
14.437219 -15.854978 1.138069 150.953909
14.447224 -15.866238 1.141576 151.055792
14.457229 -15.877481 1.145058 151.157674
14.467234 -15.888708 1.148516 151.259555
14.477239 -15.899918 1.151949 151.361435
14.487244 -15.911111 1.155357 151.463314
14.497249 -15.922289 1.158742 151.565193
14.507254 -15.933449 1.162102 151.667072
14.517259 -15.944594 1.165439 151.768952
14.527264 -15.955722 1.168751 151.870831
14.537269 -15.966833 1.172040 151.972712
14.547274 -15.977928 1.175305 152.074594
14.557279 -15.989006 1.178546 152.176477
14.567284 -16.000068 1.181764 152.278362
14.577289 -16.011113 1.184958 152.380249
14.587294 -16.022141 1.188130 152.482138
14.597299 -16.033153 1.191278 152.584030
14.607304 -16.044148 1.194403 152.685924
14.617309 -16.055126 1.197505 152.787821
14.627314 -16.066087 1.200584 152.889722
14.637319 -16.077031 1.203641 152.991627
14.647324 -16.087958 1.206675 153.093535
14.657329 -16.098868 1.209687 153.195448
14.667334 -16.109761 1.212677 153.297365
14.677339 -16.120636 1.215644 153.399287
14.687344 -16.131494 1.218589 153.501214
14.697349 -16.142335 1.221512 153.603147
14.707354 -16.153158 1.224414 153.705086
14.717359 -16.163963 1.227294 153.807030
14.727364 -16.174750 1.230152 153.908981
14.737369 -16.185520 1.232988 154.010938
14.747374 -16.196271 1.235804 154.112903
14.757379 -16.207005 1.238598 154.214874
14.767384 -16.217720 1.241371 154.316853
14.777389 -16.228416 1.244123 154.418841
14.787394 -16.239094 1.246854 154.520836
14.797399 -16.249753 1.249565 154.622840
14.807404 -16.260393 1.252255 154.724853
14.817409 -16.271014 1.254925 154.826875
14.827414 -16.281616 1.257574 154.928906
14.837419 -16.292199 1.260203 155.030948
14.847424 -16.302762 1.262812 155.132999
14.857429 -16.313304 1.265400 155.235062
14.867434 -16.323827 1.267969 155.337135
14.877439 -16.334330 1.270519 155.439219
14.887444 -16.344813 1.273048 155.541315
14.897449 -16.355274 1.275559 155.643423
14.907454 -16.365715 1.278050 155.745543
14.917459 -16.376135 1.280521 155.847676
14.927464 -16.386534 1.282974 155.949822
14.937469 -16.396911 1.285407 156.051982
14.947474 -16.407266 1.287822 156.154155
14.957479 -16.417599 1.290217 156.256343
14.967484 -16.427910 1.292595 156.358545
14.977489 -16.438199 1.294953 156.460762
14.987494 -16.448464 1.297294 156.562994
14.997499 -16.458707 1.299616 156.665243
15.007504 -16.468926 1.301919 156.767507
15.017509 -16.479121 1.304205 156.869788
15.027514 -16.489293 1.306473 156.972086
15.037519 -16.499440 1.308723 157.074402
15.047524 -16.509563 1.310955 157.176735
15.057529 -16.519660 1.313170 157.279087
15.067534 -16.529733 1.315367 157.381458
15.077539 -16.539779 1.317547 157.483847
15.087544 -16.549800 1.319709 157.586257
15.097549 -16.559795 1.321855 157.688686
15.107554 -16.569762 1.323983 157.791136
15.117559 -16.579703 1.326094 157.893608
15.127564 -16.589616 1.328189 157.996100
15.137569 -16.599502 1.330267 158.098615
15.147574 -16.609359 1.332328 158.201153
15.157579 -16.619188 1.334373 158.303713
15.167584 -16.628987 1.336402 158.406297
15.177589 -16.638758 1.338414 158.508905
15.187594 -16.648498 1.340410 158.611538
15.197599 -16.658208 1.342390 158.714196
15.207604 -16.667887 1.344354 158.816879
15.217609 -16.677535 1.346302 158.919589
15.227614 -16.687151 1.348234 159.022325
15.237619 -16.696735 1.350150 159.125089
15.247624 -16.706286 1.352051 159.227881
15.257629 -16.715804 1.353937 159.330701
15.267634 -16.725288 1.355807 159.433550
15.277639 -16.734738 1.357662 159.536430
15.287644 -16.744153 1.359501 159.639339
15.297649 -16.753532 1.361326 159.742279
15.307654 -16.762876 1.363136 159.845251
15.317659 -16.772184 1.364930 159.948255
15.327664 -16.781454 1.366710 160.051293
15.337669 -16.790687 1.368475 160.154363
15.347674 -16.799881 1.370225 160.257468
15.357679 -16.809037 1.371961 160.360608
15.367684 -16.818153 1.373682 160.463783
15.377689 -16.827229 1.375389 160.566994
15.387694 -16.836264 1.377082 160.670243
15.397699 -16.845258 1.378760 160.773529
15.407704 -16.854210 1.380424 160.876854
15.417709 -16.863119 1.382074 160.980218
15.427714 -16.871985 1.383710 161.083622
15.437719 -16.880806 1.385332 161.187066
15.447724 -16.889583 1.386940 161.290552
15.457729 -16.898313 1.388535 161.394081
15.467734 -16.906998 1.390116 161.497652
15.477739 -16.915635 1.391683 161.601268
15.487744 -16.924225 1.393236 161.704928
15.497749 -16.932765 1.394776 161.808634
15.507754 -16.941256 1.396302 161.912386
15.517759 -16.949697 1.397816 162.016186
15.527764 -16.958087 1.399315 162.120033
15.537769 -16.966425 1.400802 162.223930
15.547774 -16.974710 1.402275 162.327877
15.557779 -16.982941 1.403735 162.431875
15.567784 -16.991118 1.405182 162.535924
15.577789 -16.999239 1.406616 162.640027
15.587794 -17.007304 1.408037 162.744183
15.597799 -17.015311 1.409445 162.848394
15.607804 -17.023261 1.410840 162.952660
15.617809 -17.031151 1.412222 163.056983
15.627814 -17.038981 1.413592 163.161364
15.637819 -17.046750 1.414948 163.265803
15.647824 -17.054457 1.416292 163.370302
15.657829 -17.062101 1.417624 163.474862
15.667834 -17.069681 1.418942 163.579484
15.677839 -17.077195 1.420248 163.684168
15.687844 -17.084644 1.421541 163.788917
15.697849 -17.092025 1.422822 163.893730
15.707854 -17.099339 1.424090 163.998609
15.717859 -17.106583 1.425346 164.103556
15.727864 -17.113757 1.426589 164.208571
15.737869 -17.120859 1.427820 164.313655
15.747874 -17.127889 1.429038 164.418810
15.757879 -17.134845 1.430244 164.524036
15.767884 -17.141727 1.431438 164.629335
15.777889 -17.148533 1.432619 164.734708
15.787894 -17.155261 1.433787 164.840156
15.797899 -17.161912 1.434944 164.945681
15.807904 -17.168484 1.436087 165.051282
15.817909 -17.174976 1.437219 165.156963
15.827914 -17.181386 1.438338 165.262723
15.837919 -17.187713 1.439445 165.368564
15.847924 -17.193957 1.440539 165.474487
15.857929 -17.200116 1.441621 165.580493
15.867934 -17.206189 1.442690 165.686584
15.877939 -17.212175 1.443747 165.792760
15.887944 -17.218073 1.444792 165.899023
15.897949 -17.223881 1.445824 166.005373
15.907954 -17.229599 1.446844 166.111813
15.917959 -17.235226 1.447851 166.218343
15.927964 -17.240760 1.448846 166.324964
15.937969 -17.246200 1.449828 166.431677
15.947974 -17.251545 1.450797 166.538484
15.957979 -17.256795 1.451754 166.645385
15.967984 -17.261948 1.452698 166.752381
15.977989 -17.267003 1.453630 166.859475
15.987994 -17.271960 1.454549 166.966665
15.997999 -17.276816 1.455455 167.073954
16.008004 -17.281573 1.456348 167.181343
16.018009 -17.286227 1.457228 167.288832
16.028014 -17.290779 1.458095 167.396422
16.038019 -17.295228 1.458950 167.504115
16.048024 -17.299574 1.459791 167.611910
16.058029 -17.303814 1.460619 167.719809
16.068034 -17.307949 1.461434 167.827812
16.078039 -17.311978 1.462236 167.935920
16.088044 -17.315901 1.463024 168.044133
16.098049 -17.319717 1.463799 168.152453
16.108054 -17.323425 1.464560 168.260879
16.118059 -17.327025 1.465308 168.369412
16.128064 -17.330517 1.466043 168.478053
16.138069 -17.333901 1.466763 168.586801
16.148074 -17.337176 1.467470 168.695656
16.158079 -17.340343 1.468163 168.804620
16.168084 -17.343400 1.468842 168.913691
16.178089 -17.346350 1.469507 169.022870
16.188094 -17.349190 1.470158 169.132157
16.198099 -17.351923 1.470794 169.241551
16.208104 -17.354548 1.471417 169.351052
16.218109 -17.357066 1.472025 169.460660
16.228114 -17.359477 1.472618 169.570374
16.238119 -17.361782 1.473197 169.680193
16.248124 -17.363981 1.473761 169.790117
16.258129 -17.366077 1.474310 169.900144
16.268134 -17.368069 1.474844 170.010273
16.278139 -17.369960 1.475363 170.120505
16.288144 -17.371749 1.475868 170.230836
16.298149 -17.373439 1.476357 170.341266
16.308154 -17.375032 1.476830 170.451794
16.318159 -17.376528 1.477288 170.562416
16.328164 -17.377930 1.477731 170.673133
16.338169 -17.379240 1.478158 170.783942
16.348174 -17.380460 1.478570 170.894840
16.358179 -17.381591 1.478966 171.005826
16.368184 -17.382637 1.479345 171.116897
16.378189 -17.383600 1.479709 171.228050
16.388194 -17.384482 1.480057 171.339284
16.398199 -17.385287 1.480389 171.450595
16.408204 -17.386017 1.480704 171.561981
16.418209 -17.386675 1.481003 171.673438
16.428214 -17.387264 1.481286 171.784964
16.438219 -17.387787 1.481552 171.896555
16.448224 -17.388249 1.481802 172.008207
16.458229 -17.388652 1.482035 172.119918
16.468234 -17.389000 1.482251 172.231684
16.478239 -17.389297 1.482451 172.343500
16.488244 -17.389546 1.482634 172.455364
16.498249 -17.389752 1.482800 172.567271
16.508254 -17.389919 1.482949 172.679217
16.518259 -17.390050 1.483081 172.791199
16.528264 -17.390149 1.483196 172.903212
16.538269 -17.390222 1.483295 173.015252
16.548274 -17.390271 1.483376 173.127315
16.558279 -17.390302 1.483440 173.239396
16.568284 -17.390319 1.483487 173.351491
16.578289 -17.390326 1.483517 173.463597
16.588294 -17.390327 1.483529 173.575707
16.598299 -17.390328 1.483525 173.687819
16.608304 -17.390331 1.483504 173.799927
16.618309 -17.390343 1.483465 173.912028
16.628314 -17.390366 1.483409 174.024117
16.638319 -17.390406 1.483337 174.136189
16.648324 -17.390467 1.483247 174.248241
16.658329 -17.390552 1.483140 174.360268
16.668334 -17.390667 1.483016 174.472265
16.678339 -17.390816 1.482875 174.584230
16.688344 -17.391002 1.482718 174.696157
16.698349 -17.391229 1.482543 174.808042
16.708354 -17.391503 1.482352 174.919882
16.718359 -17.391825 1.482143 175.031673
16.728364 -17.392201 1.481918 175.143411
16.738369 -17.392633 1.481677 175.255093
16.748374 -17.393126 1.481419 175.366715
16.758379 -17.393682 1.481144 175.478273
16.768384 -17.394306 1.480853 175.589764
16.778389 -17.395000 1.480546 175.701185
16.788394 -17.395767 1.480222 175.812533
16.798399 -17.396611 1.479882 175.923806
16.808404 -17.397534 1.479526 176.034999
16.818409 -17.398539 1.479154 176.146111
16.828414 -17.399628 1.478766 176.257139
16.838419 -17.400804 1.478363 176.368081
16.848424 -17.402069 1.477943 176.478934
16.858429 -17.403425 1.477508 176.589696
16.868434 -17.404875 1.477057 176.700365
16.878439 -17.406420 1.476591 176.810939
16.888444 -17.408062 1.476110 176.921418
16.898449 -17.409803 1.475613 177.031798
16.908454 -17.411643 1.475101 177.142078
16.918459 -17.413585 1.474574 177.252258
16.928464 -17.415630 1.474032 177.362336
16.938469 -17.417778 1.473476 177.472310
16.948474 -17.420032 1.472904 177.582181
16.958479 -17.422390 1.472318 177.691947
16.968484 -17.424856 1.471717 177.801607
16.978489 -17.427428 1.471102 177.911160
16.988494 -17.430107 1.470473 178.020607
16.998499 -17.432895 1.469829 178.129947
17.008504 -17.435791 1.469171 178.239179
17.018509 -17.438795 1.468499 178.348303
17.028514 -17.441908 1.467813 178.457320
17.038519 -17.445130 1.467113 178.566228
17.048524 -17.448460 1.466399 178.675029
17.058529 -17.451899 1.465671 178.783722
17.068534 -17.455446 1.464930 178.892308
17.078539 -17.459101 1.464175 179.000787
17.088544 -17.462864 1.463407 179.109159
17.098549 -17.466734 1.462625 179.217425
17.108554 -17.470711 1.461830 179.325584
17.118559 -17.474794 1.461021 179.433639
17.128564 -17.478983 1.460200 179.541589
17.138569 -17.483277 1.459365 179.649435
17.148574 -17.487675 1.458517 179.757178
17.158579 -17.492177 1.457656 179.864818
17.168584 -17.496781 1.456782 179.972357
17.178589 -17.501487 1.455895 180.079795
17.188594 -17.506295 1.454996 180.187133
17.198599 -17.511202 1.454083 180.294372
17.208604 -17.516209 1.453158 180.401513
17.218609 -17.521314 1.452220 180.508557
17.228614 -17.526516 1.451269 180.615505
17.238619 -17.531815 1.450306 180.722358
17.248624 -17.537208 1.449330 180.829117
17.258629 -17.542696 1.448342 180.935783
17.268634 -17.548278 1.447341 181.042358
17.278639 -17.553951 1.446327 181.148841
17.288644 -17.559715 1.445301 181.255236
17.298649 -17.565569 1.444263 181.361542
17.308654 -17.571512 1.443212 181.467760
17.318659 -17.577542 1.442148 181.573893
17.328664 -17.583659 1.441072 181.679940
17.338669 -17.589861 1.439984 181.785904
17.348674 -17.596148 1.438884 181.891785
17.358679 -17.602517 1.437771 181.997585
17.368684 -17.608969 1.436645 182.103304
17.378689 -17.615501 1.435507 182.208944
17.388694 -17.622113 1.434357 182.314507
17.398699 -17.628804 1.433195 182.419992
17.408704 -17.635572 1.432020 182.525402
17.418709 -17.642417 1.430832 182.630737
17.428714 -17.649336 1.429633 182.735999
17.438719 -17.656330 1.428421 182.841189
17.448724 -17.663397 1.427196 182.946308
17.458729 -17.670536 1.425959 183.051357
17.468734 -17.677746 1.424709 183.156337
17.478739 -17.685025 1.423447 183.261249
17.488744 -17.692373 1.422173 183.366095
17.498749 -17.699789 1.420885 183.470875
17.508754 -17.707271 1.419586 183.575590
17.518759 -17.714819 1.418273 183.680243
17.528764 -17.722432 1.416948 183.784833
17.538769 -17.730108 1.415611 183.889362
17.548774 -17.737846 1.414260 183.993830
17.558779 -17.745647 1.412897 184.098240
17.568784 -17.753507 1.411521 184.202591
17.578789 -17.761428 1.410133 184.306885
17.588794 -17.769407 1.408731 184.411123
17.598799 -17.777443 1.407316 184.515306
17.608804 -17.785537 1.405889 184.619435
17.618809 -17.793687 1.404448 184.723510
17.628814 -17.801891 1.402995 184.827533
17.638819 -17.810150 1.401528 184.931505
17.648824 -17.818462 1.400048 185.035427
17.658829 -17.826826 1.398555 185.139298
17.668834 -17.835242 1.397048 185.243121
17.678839 -17.843708 1.395528 185.346897
17.688844 -17.852225 1.393995 185.450625
17.698849 -17.860790 1.392448 185.554308
17.708854 -17.869404 1.390888 185.657945
17.718859 -17.878066 1.389314 185.761538
17.728864 -17.886774 1.387726 185.865088
17.738869 -17.895528 1.386125 185.968595
17.748874 -17.904327 1.384509 186.072060
17.758879 -17.913171 1.382880 186.175483
17.768884 -17.922059 1.381237 186.278867
17.778889 -17.930990 1.379580 186.382211
17.788894 -17.939963 1.377909 186.485516
17.798899 -17.948978 1.376223 186.588783
17.808904 -17.958034 1.374523 186.692012
17.818909 -17.967131 1.372809 186.795205
17.828914 -17.976267 1.371080 186.898362
17.838919 -17.985442 1.369337 187.001484
17.848924 -17.994656 1.367580 187.104572
17.858929 -18.003908 1.365807 187.207625
17.868934 -18.013198 1.364020 187.310645
17.878939 -18.022524 1.362218 187.413633
17.888944 -18.031886 1.360400 187.516589
17.898949 -18.041284 1.358568 187.619513
17.908954 -18.050716 1.356721 187.722407
17.918959 -18.060184 1.354858 187.825271
17.928964 -18.069685 1.352980 187.928106
17.938969 -18.079220 1.351087 188.030912
17.948974 -18.088788 1.349178 188.133689
17.958979 -18.098388 1.347254 188.236439
17.968984 -18.108020 1.345313 188.339162
17.978989 -18.117684 1.343357 188.441858
17.988994 -18.127379 1.341385 188.544528
17.998999 -18.137104 1.339397 188.647173
18.009005 -18.146860 1.337393 188.749793
18.019010 -18.156645 1.335373 188.852389
18.029015 -18.166459 1.333336 188.954961
18.039020 -18.176303 1.331283 189.057510
18.049025 -18.186174 1.329213 189.160035
18.059030 -18.196074 1.327126 189.262539
18.069035 -18.206001 1.325023 189.365021
18.079040 -18.215956 1.322903 189.467481
18.089045 -18.225937 1.320766 189.569921
18.099050 -18.235945 1.318612 189.672340
18.109055 -18.245979 1.316441 189.774739
18.119060 -18.256039 1.314252 189.877119
18.129065 -18.266124 1.312046 189.979480
18.139070 -18.276235 1.309823 190.081823
18.149075 -18.286370 1.307581 190.184147
18.159080 -18.296529 1.305322 190.286454
18.169085 -18.306713 1.303045 190.388743
18.179090 -18.316920 1.300750 190.491016
18.189095 -18.327151 1.298437 190.593272
18.199100 -18.337406 1.296106 190.695512
18.209105 -18.347683 1.293757 190.797737
18.219110 -18.357983 1.291389 190.899946
18.229115 -18.368305 1.289002 191.002141
18.239120 -18.378650 1.286597 191.104321
18.249125 -18.389016 1.284172 191.206487
18.259130 -18.399404 1.281729 191.308640
18.269135 -18.409814 1.279267 191.410779
18.279140 -18.420244 1.276786 191.512906
18.289145 -18.430696 1.274285 191.615020
18.299150 -18.441168 1.271765 191.717121
18.309155 -18.451661 1.269225 191.819211
18.319160 -18.462174 1.266666 191.921290
18.329165 -18.472707 1.264087 192.023358
18.339170 -18.483260 1.261488 192.125414
18.349175 -18.493833 1.258869 192.227461
18.359180 -18.504425 1.256230 192.329497
18.369185 -18.515037 1.253570 192.431524
18.379190 -18.525668 1.250890 192.533541
18.389195 -18.536317 1.248190 192.635549
18.399200 -18.546986 1.245469 192.737549
18.409205 -18.557674 1.242727 192.839540
18.419210 -18.568379 1.239964 192.941523
18.429215 -18.579104 1.237180 193.043499
18.439220 -18.589846 1.234375 193.145467
18.449225 -18.600607 1.231549 193.247427
18.459230 -18.611386 1.228701 193.349381
18.469235 -18.622182 1.225832 193.451329
18.479240 -18.632996 1.222942 193.553270
18.489245 -18.643828 1.220029 193.655206
18.499250 -18.654678 1.217095 193.757135
18.509255 -18.665545 1.214138 193.859060
18.519260 -18.676429 1.211160 193.960980
18.529265 -18.687331 1.208159 194.062895
18.539270 -18.698249 1.205136 194.164805
18.549275 -18.709185 1.202090 194.266711
18.559280 -18.720138 1.199022 194.368614
18.569285 -18.731107 1.195931 194.470513
18.579290 -18.742094 1.192817 194.572409
18.589295 -18.753097 1.189680 194.674302
18.599300 -18.764118 1.186521 194.776192
18.609305 -18.775154 1.183337 194.878080
18.619310 -18.786208 1.180131 194.979966
18.629315 -18.797278 1.176901 195.081850
18.639320 -18.808365 1.173648 195.183732
18.649325 -18.819468 1.170371 195.285614
18.659330 -18.830588 1.167070 195.387494
18.669335 -18.841724 1.163746 195.489373
18.679340 -18.852877 1.160397 195.591253
18.689345 -18.864046 1.157025 195.693132
18.699350 -18.875231 1.153628 195.795011
18.709355 -18.886433 1.150207 195.896890
18.719360 -18.897652 1.146761 195.998771
18.729365 -18.908887 1.143291 196.100652
18.739370 -18.920138 1.139797 196.202535
18.749375 -18.931406 1.136277 196.304419
18.759380 -18.942691 1.132733 196.406304
18.769385 -18.953992 1.129164 196.508192
18.779390 -18.965309 1.125570 196.610083
18.789395 -18.976643 1.121951 196.711976
18.799400 -18.987994 1.118307 196.813871
18.809405 -18.999361 1.114638 196.915770
18.819410 -19.010745 1.110943 197.017673
18.829415 -19.022146 1.107223 197.119579
18.839420 -19.033563 1.103477 197.221489
18.849425 -19.044998 1.099706 197.323404
18.859430 -19.056449 1.095909 197.425323
18.869435 -19.067917 1.092086 197.527247
18.879440 -19.079403 1.088238 197.629176
18.889445 -19.090905 1.084364 197.731110
18.899450 -19.102425 1.080464 197.833051
18.909455 -19.113962 1.076538 197.934997
18.919460 -19.125517 1.072586 198.036949
18.929465 -19.137089 1.068607 198.138908
18.939470 -19.148678 1.064603 198.240874
18.949475 -19.160285 1.060573 198.342847
18.959480 -19.171910 1.056516 198.444827
18.969485 -19.183553 1.052433 198.546815
18.979490 -19.195214 1.048324 198.648811
18.989495 -19.206893 1.044188 198.750816
18.999500 -19.218591 1.040026 198.852828
19.009505 -19.230306 1.035838 198.954850
19.019510 -19.242041 1.031623 199.056881
19.029515 -19.253794 1.027382 199.158922
19.039520 -19.265565 1.023115 199.260972
19.049525 -19.277356 1.018821 199.363032
19.059530 -19.289166 1.014501 199.465103
19.069535 -19.300995 1.010154 199.567184
19.079540 -19.312844 1.005781 199.669276
19.089545 -19.324712 1.001381 199.771380
19.099550 -19.336600 0.996955 199.873495
19.109555 -19.348508 0.992503 199.975622
19.119560 -19.360436 0.988025 200.077761
19.129565 -19.372384 0.983520 200.179913
19.139570 -19.384353 0.978989 200.282078
19.149575 -19.396342 0.974432 200.384256
19.159580 -19.408353 0.969849 200.486448
19.169585 -19.420384 0.965240 200.588653
19.179590 -19.432437 0.960605 200.690873
19.189595 -19.444511 0.955944 200.793107
19.199600 -19.456607 0.951257 200.895356
19.209605 -19.468725 0.946544 200.997620
19.219610 -19.480864 0.941806 201.099899
19.229615 -19.493027 0.937042 201.202195
19.239620 -19.505212 0.932253 201.304506
19.249625 -19.517420 0.927439 201.406835
19.259630 -19.529651 0.922600 201.509180
19.269635 -19.541905 0.917735 201.611542
19.279640 -19.554183 0.912846 201.713922
19.289645 -19.566484 0.907932 201.816320
19.299650 -19.578810 0.902994 201.918737
19.309655 -19.591160 0.898032 202.021172
19.319660 -19.603535 0.893045 202.123626
19.329665 -19.615935 0.888034 202.226100
19.339670 -19.628359 0.883000 202.328593
19.349675 -19.640810 0.877942 202.431106
19.359680 -19.653286 0.872860 202.533640
19.369685 -19.665788 0.867756 202.636195
19.379690 -19.678316 0.862629 202.738772
19.389695 -19.690871 0.857479 202.841370
19.399700 -19.703453 0.852308 202.943990
19.409705 -19.716062 0.847114 203.046632
19.419710 -19.728699 0.841898 203.149298
19.429715 -19.741364 0.836661 203.251986
19.439720 -19.754057 0.831403 203.354699
19.449725 -19.766778 0.826124 203.457435
19.459730 -19.779528 0.820825 203.560196
19.469735 -19.792307 0.815506 203.662982
19.479740 -19.805116 0.810167 203.765793
19.489745 -19.817955 0.804809 203.868629
19.499750 -19.830823 0.799432 203.971492
19.509755 -19.843723 0.794036 204.074381
19.519760 -19.856653 0.788623 204.177297
19.529765 -19.869614 0.783192 204.280241
19.539770 -19.882607 0.777743 204.383212
19.549775 -19.895631 0.772278 204.486212
19.559780 -19.908689 0.766797 204.589240
19.569785 -19.921778 0.761300 204.692297
19.579790 -19.934901 0.755788 204.795383
19.589795 -19.948057 0.750261 204.898500
19.599800 -19.961247 0.744720 205.001647
19.609805 -19.974471 0.739165 205.104824
19.619810 -19.987729 0.733597 205.208033
19.629815 -20.001022 0.728017 205.311273
19.639820 -20.014351 0.722425 205.414546
19.649825 -20.027715 0.716822 205.517851
19.659830 -20.041115 0.711208 205.621188
19.669835 -20.054551 0.705585 205.724560
19.679840 -20.068024 0.699952 205.827965
19.689845 -20.081535 0.694311 205.931404
19.699850 -20.095083 0.688662 206.034878
19.709855 -20.108668 0.683006 206.138387
19.719860 -20.122293 0.677343 206.241932
19.729865 -20.135955 0.671675 206.345512
19.739870 -20.149657 0.666002 206.449129
19.749875 -20.163399 0.660325 206.552783
19.759880 -20.177180 0.654646 206.656474
19.769885 -20.191001 0.648963 206.760203
19.779890 -20.204863 0.643280 206.863970
19.789895 -20.218766 0.637595 206.967775
19.799900 -20.232710 0.631911 207.071620
19.809905 -20.246696 0.626229 207.175504
19.819910 -20.260725 0.620548 207.279428
19.829915 -20.274795 0.614871 207.383392
19.839920 -20.288909 0.609198 207.487396
19.849925 -20.303065 0.603530 207.591442
19.859930 -20.317266 0.597868 207.695529
19.869935 -20.331510 0.592213 207.799657
19.879940 -20.345798 0.586566 207.903828
19.889945 -20.360131 0.580929 208.008042
19.899950 -20.374509 0.575301 208.112299
19.909955 -20.388932 0.569686 208.216598
19.919960 -20.403401 0.564083 208.320942
19.929965 -20.417915 0.558494 208.425329
19.939970 -20.432476 0.552919 208.529761
19.949975 -20.447083 0.547361 208.634238
19.959980 -20.461737 0.541820 208.738759
19.969985 -20.476438 0.536298 208.843326
19.979990 -20.491186 0.530795 208.947938
19.989995 -20.505982 0.525314 209.052597
20.000000 -20.520825 0.519854 209.157307
