t psi theta phi
0.000000 0.000000 1.483530 0.000000
0.010005 -0.000001 1.483521 0.150073
0.020010 -0.000007 1.483496 0.300140
0.030015 -0.000025 1.483453 0.450196
0.040020 -0.000059 1.483393 0.600236
0.050025 -0.000114 1.483316 0.750254
0.060030 -0.000197 1.483222 0.900246
0.070035 -0.000313 1.483112 1.050204
0.080040 -0.000466 1.482984 1.200125
0.090045 -0.000663 1.482839 1.350003
0.100050 -0.000907 1.482678 1.499834
0.110055 -0.001204 1.482500 1.649612
0.120060 -0.001559 1.482306 1.799332
0.130065 -0.001977 1.482095 1.948990
0.140070 -0.002461 1.481868 2.098581
0.150075 -0.003017 1.481625 2.248102
0.160080 -0.003649 1.481366 2.397546
0.170085 -0.004360 1.481091 2.546912
0.180090 -0.005156 1.480800 2.696194
0.190095 -0.006039 1.480493 2.845388
0.200100 -0.007013 1.480171 2.994492
0.210105 -0.008082 1.479834 3.143502
0.220110 -0.009248 1.479482 3.292415
0.230115 -0.010516 1.479114 3.441226
0.240120 -0.011888 1.478732 3.589935
0.250125 -0.013366 1.478336 3.738537
0.260130 -0.014954 1.477925 3.887031
0.270135 -0.016653 1.477500 4.035413
0.280140 -0.018466 1.477060 4.183683
0.290145 -0.020395 1.476608 4.331837
0.300150 -0.022441 1.476141 4.479874
0.310155 -0.024607 1.475661 4.627793
0.320160 -0.026894 1.475168 4.775591
0.330165 -0.029303 1.474662 4.923268
0.340170 -0.031835 1.474143 5.070822
0.350175 -0.034492 1.473611 5.218253
0.360180 -0.037274 1.473067 5.365559
0.370185 -0.040182 1.472511 5.512740
0.380190 -0.043217 1.471943 5.659794
0.390195 -0.046379 1.471363 5.806723
0.400200 -0.049668 1.470772 5.953525
0.410205 -0.053085 1.470169 6.100200
0.420210 -0.056630 1.469556 6.246748
0.430215 -0.060303 1.468931 6.393170
0.440220 -0.064103 1.468295 6.539464
0.450225 -0.068030 1.467649 6.685633
0.460230 -0.072085 1.466993 6.831675
0.470235 -0.076266 1.466326 6.977592
0.480240 -0.080574 1.465650 7.123383
0.490245 -0.085007 1.464964 7.269050
0.500250 -0.089564 1.464268 7.414593
0.510255 -0.094246 1.463563 7.560013
0.520260 -0.099051 1.462849 7.705311
0.530265 -0.103979 1.462125 7.850488
0.540270 -0.109028 1.461393 7.995544
0.550275 -0.114198 1.460652 8.140481
0.560280 -0.119487 1.459903 8.285299
0.570285 -0.124894 1.459146 8.430000
0.580290 -0.130419 1.458380 8.574585
0.590295 -0.136060 1.457606 8.719055
0.600300 -0.141817 1.456825 8.863412
0.610305 -0.147686 1.456036 9.007656
0.620310 -0.153669 1.455239 9.151788
0.630315 -0.159762 1.454436 9.295811
0.640320 -0.165966 1.453625 9.439725
0.650325 -0.172278 1.452807 9.583532
0.660330 -0.178698 1.451982 9.727232
0.670335 -0.185223 1.451150 9.870828
0.680340 -0.191854 1.450312 10.014321
0.690345 -0.198587 1.449468 10.157712
0.700350 -0.205423 1.448617 10.301002
0.710355 -0.212359 1.447760 10.444194
0.720360 -0.219394 1.446897 10.587287
0.730365 -0.226528 1.446028 10.730284
0.740370 -0.233757 1.445154 10.873187
0.750375 -0.241082 1.444274 11.015995
0.760380 -0.248501 1.443388 11.158712
0.770385 -0.256012 1.442497 11.301337
0.780390 -0.263614 1.441600 11.443873
0.790395 -0.271306 1.440699 11.586321
0.800400 -0.279087 1.439792 11.728683
0.810405 -0.286954 1.438881 11.870958
0.820410 -0.294907 1.437964 12.013150
0.830415 -0.302945 1.437043 12.155259
0.840420 -0.311066 1.436118 12.297286
0.850425 -0.319269 1.435187 12.439234
0.860430 -0.327552 1.434253 12.581102
0.870435 -0.335915 1.433314 12.722893
0.880440 -0.344356 1.432371 12.864608
0.890445 -0.352874 1.431423 13.006247
0.900450 -0.361468 1.430472 13.147813
0.910455 -0.370136 1.429517 13.289305
0.920460 -0.378878 1.428557 13.430727
0.930465 -0.387691 1.427594 13.572078
0.940470 -0.396576 1.426628 13.713360
0.950475 -0.405531 1.425658 13.854574
0.960480 -0.414555 1.424684 13.995721
0.970485 -0.423646 1.423707 14.136803
0.980490 -0.432804 1.422726 14.277820
0.990495 -0.442028 1.421742 14.418773
1.000500 -0.451316 1.420755 14.559664
1.010505 -0.460667 1.419765 14.700494
1.020510 -0.470081 1.418771 14.841263
1.030515 -0.479557 1.417775 14.981973
1.040520 -0.489092 1.416776 15.122624
1.050525 -0.498688 1.415774 15.263218
1.060530 -0.508342 1.414769 15.403756
1.070535 -0.518054 1.413761 15.544238
1.080540 -0.527822 1.412750 15.684666
1.090545 -0.537646 1.411737 15.825041
1.100550 -0.547525 1.410722 15.965362
1.110555 -0.557458 1.409704 16.105632
1.120560 -0.567444 1.408683 16.245852
1.130565 -0.577483 1.407661 16.386021
1.140570 -0.587573 1.406635 16.526141
1.150575 -0.597714 1.405608 16.666212
1.160580 -0.607904 1.404578 16.806237
1.170585 -0.618144 1.403547 16.946214
1.180590 -0.628432 1.402513 17.086146
1.190595 -0.638767 1.401477 17.226032
1.200600 -0.649150 1.400439 17.365875
1.210605 -0.659578 1.399399 17.505673
1.220610 -0.670052 1.398358 17.645429
1.230615 -0.680570 1.397314 17.785143
1.240620 -0.691133 1.396269 17.924815
1.250625 -0.701738 1.395221 18.064447
1.260630 -0.712387 1.394173 18.204039
1.270635 -0.723077 1.393122 18.343591
1.280640 -0.733808 1.392070 18.483105
1.290645 -0.744580 1.391016 18.622580
1.300650 -0.755393 1.389961 18.762018
1.310655 -0.766244 1.388905 18.901420
1.320660 -0.777135 1.387847 19.040785
1.330665 -0.788064 1.386787 19.180115
1.340670 -0.799030 1.385726 19.319410
1.350675 -0.810034 1.384664 19.458671
1.360680 -0.821074 1.383601 19.597898
1.370685 -0.832150 1.382536 19.737091
1.380690 -0.843261 1.381470 19.876252
1.390695 -0.854408 1.380403 20.015381
1.400700 -0.865589 1.379335 20.154479
1.410705 -0.876804 1.378266 20.293545
1.420710 -0.888052 1.377196 20.432581
1.430715 -0.899333 1.376125 20.571587
1.440720 -0.910647 1.375053 20.710563
1.450725 -0.921993 1.373980 20.849510
1.460730 -0.933370 1.372906 20.988429
1.470735 -0.944778 1.371831 21.127320
1.480740 -0.956217 1.370755 21.266183
1.490745 -0.967686 1.369679 21.405019
1.500750 -0.979185 1.368602 21.543828
1.510755 -0.990714 1.367524 21.682611
1.520760 -1.002271 1.366445 21.821368
1.530765 -1.013857 1.365366 21.960100
1.540770 -1.025471 1.364286 22.098806
1.550775 -1.037112 1.363206 22.237489
1.560780 -1.048781 1.362125 22.376146
1.570785 -1.060477 1.361044 22.514781
1.580790 -1.072200 1.359962 22.653391
1.590795 -1.083949 1.358879 22.791979
1.600800 -1.095723 1.357796 22.930544
1.610805 -1.107524 1.356713 23.069087
1.620810 -1.119349 1.355630 23.207608
1.630815 -1.131199 1.354546 23.346108
1.640820 -1.143074 1.353462 23.484586
1.650825 -1.154973 1.352377 23.623043
1.660830 -1.166896 1.351293 23.761480
1.670835 -1.178843 1.350208 23.899897
1.680840 -1.190813 1.349123 24.038293
1.690845 -1.202805 1.348038 24.176671
1.700850 -1.214821 1.346953 24.315029
1.710855 -1.226859 1.345867 24.453368
1.720860 -1.238919 1.344782 24.591688
1.730865 -1.251000 1.343697 24.729990
1.740870 -1.263103 1.342611 24.868275
1.750875 -1.275228 1.341526 25.006541
1.760880 -1.287373 1.340441 25.144790
1.770885 -1.299539 1.339356 25.283022
1.780890 -1.311726 1.338271 25.421237
1.790895 -1.323933 1.337186 25.559435
1.800900 -1.336160 1.336101 25.697617
1.810905 -1.348406 1.335017 25.835783
1.820910 -1.360672 1.333932 25.973933
1.830915 -1.372957 1.332849 26.112068
1.840920 -1.385261 1.331765 26.250187
1.850925 -1.397584 1.330682 26.388291
1.860930 -1.409926 1.329599 26.526380
1.870935 -1.422285 1.328516 26.664455
1.880940 -1.434663 1.327434 26.802515
1.890945 -1.447059 1.326353 26.940562
1.900950 -1.459473 1.325272 27.078594
1.910955 -1.471903 1.324191 27.216612
1.920960 -1.484352 1.323111 27.354618
1.930965 -1.496817 1.322031 27.492609
1.940970 -1.509299 1.320952 27.630588
1.950975 -1.521798 1.319874 27.768554
1.960980 -1.534313 1.318796 27.906508
1.970985 -1.546845 1.317719 28.044449
1.980990 -1.559393 1.316643 28.182377
1.990995 -1.571956 1.315568 28.320294
2.001001 -1.584536 1.314493 28.458199
2.011006 -1.597131 1.313419 28.596092
2.021011 -1.609741 1.312346 28.733974
2.031016 -1.622367 1.311273 28.871844
2.041021 -1.635007 1.310202 29.009704
2.051026 -1.647663 1.309131 29.147552
2.061031 -1.660333 1.308062 29.285390
2.071036 -1.673018 1.306993 29.423217
2.081041 -1.685718 1.305926 29.561034
2.091046 -1.698431 1.304859 29.698841
2.101051 -1.711159 1.303794 29.836637
2.111056 -1.723901 1.302729 29.974424
2.121061 -1.736656 1.301666 30.112201
2.131066 -1.749426 1.300604 30.249968
2.141071 -1.762208 1.299543 30.387726
2.151076 -1.775004 1.298483 30.525475
2.161081 -1.787814 1.297424 30.663214
2.171086 -1.800636 1.296367 30.800945
2.181091 -1.813472 1.295311 30.938666
2.191096 -1.826320 1.294256 31.076379
2.201101 -1.839181 1.293203 31.214084
2.211106 -1.852055 1.292151 31.351780
2.221111 -1.864941 1.291100 31.489468
2.231116 -1.877840 1.290051 31.627147
2.241121 -1.890751 1.289004 31.764819
2.251126 -1.903673 1.287958 31.902483
2.261131 -1.916608 1.286913 32.040139
2.271136 -1.929555 1.285870 32.177787
2.281141 -1.942513 1.284828 32.315428
2.291146 -1.955483 1.283788 32.453062
2.301151 -1.968465 1.282750 32.590688
2.311156 -1.981458 1.281714 32.728308
2.321161 -1.994462 1.280679 32.865920
2.331166 -2.007478 1.279646 33.003526
2.341171 -2.020504 1.278614 33.141124
2.351176 -2.033542 1.277585 33.278716
2.361181 -2.046590 1.276557 33.416302
2.371186 -2.059649 1.275531 33.553881
2.381191 -2.072719 1.274507 33.691454
2.391196 -2.085799 1.273485 33.829020
2.401201 -2.098890 1.272465 33.966581
2.411206 -2.111992 1.271447 34.104135
2.421211 -2.125103 1.270430 34.241684
2.431216 -2.138225 1.269416 34.379226
2.441221 -2.151357 1.268404 34.516763
2.451226 -2.164499 1.267394 34.654295
2.461231 -2.177650 1.266386 34.791821
2.471236 -2.190812 1.265381 34.929342
2.481241 -2.203983 1.264377 35.066857
2.491246 -2.217164 1.263376 35.204367
2.501251 -2.230355 1.262377 35.341872
2.511256 -2.243555 1.261381 35.479372
2.521261 -2.256764 1.260386 35.616867
2.531266 -2.269983 1.259394 35.754357
2.541271 -2.283211 1.258405 35.891842
2.551276 -2.296448 1.257417 36.029323
2.561281 -2.309694 1.256433 36.166799
2.571286 -2.322949 1.255450 36.304270
2.581291 -2.336213 1.254471 36.441737
2.591296 -2.349486 1.253493 36.579200
2.601301 -2.362768 1.252519 36.716659
2.611306 -2.376058 1.251547 36.854113
2.621311 -2.389357 1.250577 36.991563
2.631316 -2.402664 1.249611 37.129009
2.641321 -2.415980 1.248647 37.266451
2.651326 -2.429305 1.247685 37.403889
2.661331 -2.442637 1.246727 37.541324
2.671336 -2.455978 1.245771 37.678755
2.681341 -2.469327 1.244818 37.816181
2.691346 -2.482684 1.243868 37.953605
2.701351 -2.496049 1.242921 38.091025
2.711356 -2.509423 1.241977 38.228441
2.721361 -2.522804 1.241036 38.365854
2.731366 -2.536193 1.240098 38.503264
2.741371 -2.549589 1.239163 38.640670
2.751376 -2.562994 1.238230 38.778073
2.761381 -2.576406 1.237301 38.915473
2.771386 -2.589825 1.236376 39.052870
2.781391 -2.603252 1.235453 39.190264
2.791396 -2.616687 1.234533 39.327654
2.801401 -2.630129 1.233617 39.465042
2.811406 -2.643578 1.232704 39.602428
2.821411 -2.657035 1.231794 39.739810
2.831416 -2.670498 1.230888 39.877189
2.841421 -2.683969 1.229985 40.014566
2.851426 -2.697447 1.229085 40.151941
2.861431 -2.710932 1.228189 40.289312
2.871436 -2.724424 1.227296 40.426682
2.881441 -2.737923 1.226407 40.564048
2.891446 -2.751429 1.225521 40.701413
2.901451 -2.764942 1.224639 40.838775
2.911456 -2.778461 1.223760 40.976134
2.921461 -2.791987 1.222885 41.113492
2.931466 -2.805520 1.222014 41.250847
2.941471 -2.819059 1.221146 41.388200
2.951476 -2.832605 1.220283 41.525551
2.961481 -2.846157 1.219422 41.662900
2.971486 -2.859716 1.218566 41.800246
2.981491 -2.873281 1.217714 41.937591
2.991496 -2.886852 1.216865 42.074934
3.001501 -2.900429 1.216020 42.212275
3.011506 -2.914013 1.215179 42.349614
3.021511 -2.927603 1.214342 42.486952
3.031516 -2.941199 1.213509 42.624287
3.041521 -2.954801 1.212681 42.761621
3.051526 -2.968410 1.211856 42.898954
3.061531 -2.982024 1.211035 43.036284
3.071536 -2.995644 1.210218 43.173613
3.081541 -3.009269 1.209406 43.310941
3.091546 -3.022901 1.208598 43.448266
3.101551 -3.036538 1.207794 43.585591
3.111556 -3.050181 1.206994 43.722914
3.121561 -3.063830 1.206198 43.860235
3.131566 -3.077484 1.205407 43.997556
3.141571 -3.091144 1.204620 44.134874
3.151576 -3.104810 1.203838 44.272192
3.161581 -3.118481 1.203060 44.409508
3.171586 -3.132157 1.202286 44.546823
3.181591 -3.145839 1.201517 44.684137
3.191596 -3.159526 1.200753 44.821450
3.201601 -3.173218 1.199993 44.958761
3.211606 -3.186915 1.199237 45.096071
3.221611 -3.200618 1.198486 45.233381
3.231616 -3.214326 1.197740 45.370689
3.241621 -3.228039 1.196999 45.507996
3.251626 -3.241757 1.196262 45.645302
3.261631 -3.255479 1.195530 45.782608
3.271636 -3.269207 1.194803 45.919912
3.281641 -3.282940 1.194080 46.057216
3.291646 -3.296678 1.193363 46.194518
3.301651 -3.310420 1.192650 46.331820
3.311656 -3.324167 1.191942 46.469121
3.321661 -3.337919 1.191239 46.606421
3.331666 -3.351676 1.190541 46.743720
3.341671 -3.365437 1.189848 46.881018
3.351676 -3.379203 1.189160 47.018316
3.361681 -3.392974 1.188477 47.155613
3.371686 -3.406749 1.187800 47.292910
3.381691 -3.420528 1.187127 47.430205
3.391696 -3.434312 1.186459 47.567500
3.401701 -3.448100 1.185797 47.704795
3.411706 -3.461893 1.185140 47.842089
3.421711 -3.475689 1.184488 47.979382
3.431716 -3.489490 1.183841 48.116675
3.441721 -3.503296 1.183200 48.253967
3.451726 -3.517105 1.182564 48.391258
3.461731 -3.530919 1.181934 48.528550
3.471736 -3.544736 1.181308 48.665840
3.481741 -3.558558 1.180688 48.803131
3.491746 -3.572384 1.180074 48.940420
3.501751 -3.586213 1.179465 49.077710
3.511756 -3.600047 1.178862 49.214999
3.521761 -3.613884 1.178264 49.352287
3.531766 -3.627725 1.177672 49.489575
3.541771 -3.641570 1.177085 49.626863
3.551776 -3.655419 1.176504 49.764151
3.561781 -3.669271 1.175928 49.901438
3.571786 -3.683127 1.175358 50.038724
3.581791 -3.696987 1.174794 50.176011
3.591796 -3.710850 1.174236 50.313297
3.601801 -3.724717 1.173683 50.450583
3.611806 -3.738587 1.173137 50.587869
3.621811 -3.752461 1.172596 50.725154
3.631816 -3.766338 1.172060 50.862439
3.641821 -3.780218 1.171531 50.999724
3.651826 -3.794102 1.171008 51.137009
3.661831 -3.807989 1.170490 51.274294
3.671836 -3.821879 1.169978 51.411578
3.681841 -3.835772 1.169473 51.548862
3.691846 -3.849669 1.168973 51.686146
3.701851 -3.863569 1.168480 51.823430
3.711856 -3.877471 1.167992 51.960714
3.721861 -3.891377 1.167510 52.097997
3.731866 -3.905286 1.167035 52.235281
3.741871 -3.919198 1.166566 52.372564
3.751876 -3.933112 1.166102 52.509847
3.761881 -3.947030 1.165645 52.647130
3.771886 -3.960950 1.165194 52.784413
3.781891 -3.974873 1.164750 52.921696
3.791896 -3.988799 1.164311 53.058979
3.801901 -4.002727 1.163879 53.196262
3.811906 -4.016658 1.163453 53.333544
3.821911 -4.030592 1.163034 53.470827
3.831916 -4.044528 1.162620 53.608109
3.841921 -4.058467 1.162213 53.745392
3.851926 -4.072408 1.161813 53.882674
3.861931 -4.086352 1.161418 54.019957
3.871936 -4.100298 1.161030 54.157239
3.881941 -4.114246 1.160649 54.294522
3.891946 -4.128197 1.160274 54.431804
3.901951 -4.142150 1.159905 54.569086
3.911956 -4.156106 1.159543 54.706369
3.921961 -4.170063 1.159188 54.843651
3.931966 -4.184023 1.158838 54.980933
3.941971 -4.197984 1.158496 55.118216
3.951976 -4.211948 1.158160 55.255498
3.961981 -4.225914 1.157830 55.392780
3.971986 -4.239882 1.157507 55.530062
3.981991 -4.253852 1.157191 55.667345
3.991996 -4.267823 1.156881 55.804627
4.002001 -4.281797 1.156578 55.941910
4.012006 -4.295772 1.156282 56.079192
4.022011 -4.309749 1.155992 56.216474
4.032016 -4.323728 1.155709 56.353757
4.042021 -4.337709 1.155433 56.491039
4.052026 -4.351691 1.155163 56.628322
4.062031 -4.365675 1.154900 56.765604
4.072036 -4.379660 1.154644 56.902887
4.082041 -4.393647 1.154394 57.040169
4.092046 -4.407636 1.154152 57.177452
4.102051 -4.421626 1.153916 57.314735
4.112056 -4.435617 1.153687 57.452017
4.122061 -4.449609 1.153464 57.589300
4.132066 -4.463603 1.153249 57.726583
4.142071 -4.477599 1.153040 57.863866
4.152076 -4.491595 1.152838 58.001149
4.162081 -4.505593 1.152643 58.138431
4.172086 -4.519592 1.152455 58.275714
4.182091 -4.533592 1.152274 58.412997
4.192096 -4.547593 1.152099 58.550280
4.202101 -4.561595 1.151932 58.687563
4.212106 -4.575598 1.151771 58.824846
4.222111 -4.589602 1.151617 58.962129
4.232116 -4.603606 1.151470 59.099412
4.242121 -4.617612 1.151331 59.236696
4.252126 -4.631619 1.151198 59.373979
4.262131 -4.645626 1.151072 59.511262
4.272136 -4.659634 1.150952 59.648545
4.282141 -4.673643 1.150840 59.785828
4.292146 -4.687652 1.150735 59.923112
4.302151 -4.701662 1.150637 60.060395
4.312156 -4.715673 1.150545 60.197678
4.322161 -4.729684 1.150461 60.334962
4.332166 -4.743695 1.150384 60.472245
4.342171 -4.757707 1.150313 60.609528
4.352176 -4.771720 1.150250 60.746812
4.362181 -4.785733 1.150194 60.884095
4.372186 -4.799746 1.150144 61.021379
4.382191 -4.813759 1.150102 61.158662
4.392196 -4.827773 1.150066 61.295945
4.402201 -4.841786 1.150038 61.433229
4.412206 -4.855800 1.150016 61.570512
4.422211 -4.869814 1.150002 61.707796
4.432216 -4.883829 1.149994 61.845079
4.442221 -4.897843 1.149994 61.982363
4.452226 -4.911857 1.150001 62.119646
4.462231 -4.925871 1.150014 62.256930
4.472236 -4.939885 1.150035 62.394213
4.482241 -4.953899 1.150062 62.531497
4.492246 -4.967912 1.150097 62.668780
4.502251 -4.981926 1.150138 62.806064
4.512256 -4.995939 1.150187 62.943347
4.522261 -5.009952 1.150242 63.080630
4.532266 -5.023964 1.150305 63.217914
4.542271 -5.037976 1.150374 63.355197
4.552276 -5.051988 1.150451 63.492481
4.562281 -5.065999 1.150534 63.629764
4.572286 -5.080010 1.150624 63.767047
4.582291 -5.094020 1.150722 63.904331
4.592296 -5.108029 1.150826 64.041614
4.602301 -5.122038 1.150937 64.178897
4.612306 -5.136046 1.151056 64.316180
4.622311 -5.150054 1.151181 64.453464
4.632316 -5.164060 1.151313 64.590747
4.642321 -5.178066 1.151452 64.728030
4.652326 -5.192071 1.151598 64.865313
4.662331 -5.206075 1.151751 65.002596
4.672336 -5.220078 1.151910 65.139879
4.682341 -5.234080 1.152077 65.277162
4.692346 -5.248082 1.152251 65.414445
4.702351 -5.262082 1.152431 65.551728
4.712356 -5.276081 1.152618 65.689011
4.722361 -5.290078 1.152813 65.826294
4.732366 -5.304075 1.153013 65.963577
4.742371 -5.318070 1.153221 66.100859
4.752376 -5.332065 1.153436 66.238142
4.762381 -5.346057 1.153657 66.375425
4.772386 -5.360049 1.153886 66.512708
4.782391 -5.374039 1.154121 66.649990
4.792396 -5.388028 1.154363 66.787273
4.802401 -5.402015 1.154611 66.924555
4.812406 -5.416000 1.154866 67.061838
4.822411 -5.429984 1.155129 67.199121
4.832416 -5.443967 1.155397 67.336403
4.842421 -5.457948 1.155673 67.473685
4.852426 -5.471927 1.155955 67.610968
4.862431 -5.485904 1.156244 67.748250
4.872436 -5.499880 1.156539 67.885533
4.882441 -5.513853 1.156842 68.022815
4.892446 -5.527825 1.157151 68.160098
4.902451 -5.541795 1.157466 68.297380
4.912456 -5.555763 1.157788 68.434662
4.922461 -5.569730 1.158117 68.571944
4.932466 -5.583694 1.158452 68.709227
4.942471 -5.597656 1.158794 68.846509
4.952476 -5.611616 1.159142 68.983791
4.962481 -5.625573 1.159497 69.121074
4.972486 -5.639529 1.159858 69.258356
4.982491 -5.653482 1.160226 69.395638
4.992496 -5.667433 1.160600 69.532921
5.002501 -5.681382 1.160980 69.670203
5.012506 -5.695329 1.161368 69.807486
5.022511 -5.709273 1.161761 69.944768
5.032516 -5.723214 1.162161 70.082050
5.042521 -5.737153 1.162567 70.219333
5.052526 -5.751090 1.162979 70.356615
5.062531 -5.765024 1.163398 70.493898
5.072536 -5.778955 1.163823 70.631181
5.082541 -5.792884 1.164255 70.768463
5.092546 -5.806810 1.164692 70.905746
5.102551 -5.820734 1.165136 71.043029
5.112556 -5.834654 1.165586 71.180312
5.122561 -5.848572 1.166043 71.317595
5.132566 -5.862487 1.166505 71.454878
5.142571 -5.876399 1.166974 71.592162
5.152576 -5.890308 1.167448 71.729445
5.162581 -5.904214 1.167929 71.866729
5.172586 -5.918117 1.168416 72.004012
5.182591 -5.932017 1.168909 72.141296
5.192596 -5.945914 1.169408 72.278580
5.202601 -5.959808 1.169912 72.415864
5.212606 -5.973699 1.170423 72.553149
5.222611 -5.987586 1.170940 72.690433
5.232616 -6.001470 1.171463 72.827718
5.242621 -6.015351 1.171991 72.965003
5.252626 -6.029229 1.172526 73.102288
5.262631 -6.043103 1.173066 73.239573
5.272636 -6.056973 1.173612 73.376859
5.282641 -6.070841 1.174164 73.514145
5.292646 -6.084704 1.174722 73.651431
5.302651 -6.098564 1.175285 73.788717
5.312656 -6.112421 1.175854 73.926004
5.322661 -6.126274 1.176429 74.063291
5.332666 -6.140123 1.177009 74.200579
5.342671 -6.153968 1.177595 74.337866
5.352676 -6.167810 1.178187 74.475154
5.362681 -6.181648 1.178784 74.612443
5.372686 -6.195482 1.179386 74.749732
5.382691 -6.209312 1.179995 74.887021
5.392696 -6.223138 1.180608 75.024311
5.402701 -6.236960 1.181227 75.161601
5.412706 -6.250778 1.181852 75.298892
5.422711 -6.264593 1.182482 75.436183
5.432716 -6.278403 1.183117 75.573474
5.442721 -6.292208 1.183758 75.710766
5.452726 -6.306010 1.184404 75.848059
5.462731 -6.319807 1.185055 75.985352
5.472736 -6.333600 1.185711 76.122646
5.482741 -6.347389 1.186373 76.259940
5.492746 -6.361174 1.187040 76.397235
5.502751 -6.374954 1.187712 76.534531
5.512756 -6.388729 1.188389 76.671827
5.522761 -6.402500 1.189071 76.809124
5.532766 -6.416267 1.189759 76.946422
5.542771 -6.430028 1.190451 77.083720
5.552776 -6.443786 1.191148 77.221019
5.562781 -6.457538 1.191850 77.358319
5.572786 -6.471286 1.192558 77.495620
5.582791 -6.485029 1.193270 77.632922
5.592796 -6.498767 1.193987 77.770224
5.602801 -6.512501 1.194709 77.907527
5.612806 -6.526229 1.195435 78.044832
5.622811 -6.539953 1.196167 78.182137
5.632816 -6.553672 1.196903 78.319443
5.642821 -6.567385 1.197644 78.456750
5.652826 -6.581094 1.198389 78.594058
5.662831 -6.594797 1.199140 78.731367
5.672836 -6.608495 1.199894 78.868678
5.682841 -6.622188 1.200654 79.005989
5.692846 -6.635876 1.201418 79.143301
5.702851 -6.649558 1.202186 79.280615
5.712856 -6.663235 1.202959 79.417930
5.722861 -6.676906 1.203737 79.555246
5.732866 -6.690573 1.204518 79.692563
5.742871 -6.704233 1.205305 79.829882
5.752876 -6.717888 1.206095 79.967202
5.762881 -6.731538 1.206890 80.104523
5.772886 -6.745182 1.207690 80.241846
5.782891 -6.758820 1.208493 80.379170
5.792896 -6.772452 1.209301 80.516496
5.802901 -6.786079 1.210113 80.653823
5.812906 -6.799699 1.210929 80.791152
5.822911 -6.813314 1.211749 80.928482
5.832916 -6.826923 1.212573 81.065814
5.842921 -6.840526 1.213402 81.203148
5.852926 -6.854123 1.214234 81.340484
5.862931 -6.867714 1.215070 81.477821
5.872936 -6.881298 1.215911 81.615160
5.882941 -6.894877 1.216755 81.752500
5.892946 -6.908449 1.217603 81.889843
5.902951 -6.922015 1.218455 82.027188
5.912956 -6.935574 1.219311 82.164534
5.922961 -6.949127 1.220171 82.301883
5.932966 -6.962674 1.221034 82.439233
5.942971 -6.976214 1.221901 82.576586
5.952976 -6.989747 1.222772 82.713941
5.962981 -7.003274 1.223647 82.851298
5.972986 -7.016794 1.224525 82.988658
5.982991 -7.030308 1.225406 83.126019
5.992996 -7.043814 1.226292 83.263383
6.003002 -7.057314 1.227180 83.400750
6.013007 -7.070807 1.228073 83.538119
6.023012 -7.084293 1.228969 83.675490
6.033017 -7.097772 1.229868 83.812864
6.043022 -7.111244 1.230770 83.950240
6.053027 -7.124709 1.231676 84.087620
6.063032 -7.138166 1.232586 84.225002
6.073037 -7.151616 1.233498 84.362386
6.083042 -7.165059 1.234414 84.499774
6.093047 -7.178495 1.235333 84.637164
6.103052 -7.191923 1.236256 84.774558
6.113057 -7.205343 1.237181 84.911954
6.123062 -7.218756 1.238110 85.049354
6.133067 -7.232162 1.239041 85.186757
6.143072 -7.245559 1.239976 85.324163
6.153077 -7.258949 1.240914 85.461572
6.163082 -7.272331 1.241855 85.598984
6.173087 -7.285706 1.242799 85.736400
6.183092 -7.299072 1.243745 85.873819
6.193097 -7.312430 1.244695 86.011242
6.203102 -7.325780 1.245647 86.148669
6.213107 -7.339122 1.246603 86.286099
6.223112 -7.352456 1.247561 86.423533
6.233117 -7.365781 1.248522 86.560971
6.243122 -7.379098 1.249485 86.698412
6.253127 -7.392407 1.250452 86.835858
6.263132 -7.405707 1.251421 86.973307
6.273137 -7.418998 1.252392 87.110761
6.283142 -7.432281 1.253367 87.248219
6.293147 -7.445555 1.254344 87.385681
6.303152 -7.458820 1.255323 87.523148
6.313157 -7.472076 1.256305 87.660619
6.323162 -7.485324 1.257289 87.798094
6.333167 -7.498562 1.258276 87.935574
6.343172 -7.511791 1.259266 88.073059
6.353177 -7.525011 1.260257 88.210548
6.363182 -7.538222 1.261251 88.348043
6.373187 -7.551423 1.262248 88.485542
6.383192 -7.564615 1.263246 88.623046
6.393197 -7.577797 1.264247 88.760556
6.403202 -7.590969 1.265250 88.898070
6.413207 -7.604132 1.266256 89.035590
6.423212 -7.617285 1.267263 89.173115
6.433217 -7.630428 1.268273 89.310646
6.443222 -7.643562 1.269285 89.448183
6.453227 -7.656685 1.270299 89.585725
6.463232 -7.669798 1.271314 89.723272
6.473237 -7.682900 1.272332 89.860826
6.483242 -7.695992 1.273352 89.998386
6.493247 -7.709074 1.274374 90.135951
6.503252 -7.722145 1.275398 90.273523
6.513257 -7.735206 1.276423 90.411102
6.523262 -7.748256 1.277451 90.548686
6.533267 -7.761295 1.278480 90.686278
6.543272 -7.774323 1.279511 90.823875
6.553277 -7.787340 1.280544 90.961480
6.563282 -7.800345 1.281579 91.099091
6.573287 -7.813340 1.282615 91.236710
6.583292 -7.826323 1.283653 91.374335
6.593297 -7.839294 1.284693 91.511968
6.603302 -7.852254 1.285734 91.649608
6.613307 -7.865203 1.286777 91.787255
6.623312 -7.878139 1.287822 91.924911
6.633317 -7.891063 1.288868 92.062573
6.643322 -7.903976 1.289915 92.200244
6.653327 -7.916876 1.290964 92.337923
6.663332 -7.929763 1.292015 92.475609
6.673337 -7.942639 1.293066 92.613304
6.683342 -7.955502 1.294120 92.751008
6.693347 -7.968352 1.295174 92.888720
6.703352 -7.981189 1.296230 93.026440
6.713357 -7.994013 1.297287 93.164170
6.723362 -8.006824 1.298345 93.301908
6.733367 -8.019622 1.299405 93.439655
6.743372 -8.032407 1.300466 93.577412
6.753377 -8.045178 1.301528 93.715178
6.763382 -8.057935 1.302591 93.852954
6.773387 -8.070678 1.303655 93.990739
6.783392 -8.083408 1.304721 94.128534
6.793397 -8.096123 1.305787 94.266339
6.803402 -8.108825 1.306855 94.404155
6.813407 -8.121512 1.307923 94.541981
6.823412 -8.134184 1.308993 94.679817
6.833417 -8.146841 1.310063 94.817664
6.843422 -8.159484 1.311134 94.955522
6.853427 -8.172112 1.312206 95.093391
6.863432 -8.184724 1.313279 95.231272
6.873437 -8.197321 1.314353 95.369163
6.883442 -8.209902 1.315428 95.507067
6.893447 -8.222468 1.316503 95.644982
6.903452 -8.235018 1.317580 95.782909
6.913457 -8.247552 1.318656 95.920848
6.923462 -8.260069 1.319734 96.058800
6.933467 -8.272570 1.320812 96.196765
6.943472 -8.285054 1.321891 96.334742
6.953477 -8.297522 1.322971 96.472732
6.963482 -8.309972 1.324051 96.610735
6.973487 -8.322405 1.325131 96.748752
6.983492 -8.334821 1.326212 96.886783
6.993497 -8.347219 1.327294 97.024827
7.003502 -8.359599 1.328376 97.162885
7.013507 -8.371962 1.329458 97.300958
7.023512 -8.384305 1.330541 97.439046
7.033517 -8.396631 1.331624 97.577148
7.043522 -8.408937 1.332708 97.715265
7.053527 -8.421225 1.333792 97.853398
7.063532 -8.433494 1.334876 97.991546
7.073537 -8.445743 1.335960 98.129710
7.083542 -8.457972 1.337045 98.267889
7.093547 -8.470181 1.338130 98.406086
7.103552 -8.482370 1.339215 98.544298
7.113557 -8.494539 1.340300 98.682528
7.123562 -8.506687 1.341385 98.820775
7.133567 -8.518815 1.342470 98.959039
7.143572 -8.530921 1.343556 99.097321
7.153577 -8.543005 1.344641 99.235621
7.163582 -8.555068 1.345726 99.373939
7.173587 -8.567108 1.346812 99.512275
7.183592 -8.579127 1.347897 99.650631
7.193597 -8.591122 1.348982 99.789006
7.203602 -8.603095 1.350067 99.927400
7.213607 -8.615045 1.351152 100.065814
7.223612 -8.626971 1.352237 100.204248
7.233617 -8.638873 1.353321 100.342703
7.243622 -8.650751 1.354405 100.481178
7.253627 -8.662605 1.355489 100.619675
7.263632 -8.674433 1.356573 100.758193
7.273637 -8.686237 1.357656 100.896733
7.283642 -8.698015 1.358739 101.035295
7.293647 -8.709767 1.359821 101.173880
7.303652 -8.721493 1.360903 101.312488
7.313657 -8.733193 1.361985 101.451119
7.323662 -8.744865 1.363066 101.589774
7.333667 -8.756511 1.364146 101.728453
7.343672 -8.768128 1.365226 101.867156
7.353677 -8.779717 1.366305 102.005885
7.363682 -8.791278 1.367384 102.144639
7.373687 -8.802811 1.368462 102.283418
7.383692 -8.814313 1.369539 102.422224
7.393697 -8.825786 1.370615 102.561056
7.403702 -8.837229 1.371691 102.699916
7.413707 -8.848642 1.372766 102.838803
7.423712 -8.860023 1.373840 102.977718
7.433717 -8.871373 1.374913 103.116662
7.443722 -8.882691 1.375986 103.255634
7.453727 -8.893976 1.377057 103.394636
7.463732 -8.905229 1.378127 103.533668
7.473737 -8.916448 1.379197 103.672730
7.483742 -8.927633 1.380265 103.811824
7.493747 -8.938784 1.381332 103.950948
7.503752 -8.949901 1.382398 104.090105
7.513757 -8.960981 1.383463 104.229295
7.523762 -8.972026 1.384526 104.368517
7.533767 -8.983034 1.385588 104.507773
7.543772 -8.994006 1.386649 104.647064
7.553777 -9.004939 1.387709 104.786389
7.563782 -9.015835 1.388767 104.925750
7.573787 -9.026692 1.389824 105.065147
7.583792 -9.037509 1.390880 105.204580
7.593797 -9.048286 1.391933 105.344051
7.603802 -9.059023 1.392986 105.483559
7.613807 -9.069719 1.394036 105.623107
7.623812 -9.080373 1.395085 105.762693
7.633817 -9.090984 1.396133 105.902320
7.643822 -9.101552 1.397178 106.041987
7.653827 -9.112076 1.398222 106.181695
7.663832 -9.122556 1.399264 106.321445
7.673837 -9.132990 1.400304 106.461238
7.683842 -9.143378 1.401342 106.601075
7.693847 -9.153720 1.402378 106.740956
7.703852 -9.164014 1.403413 106.880882
7.713857 -9.174260 1.404445 107.020853
7.723862 -9.184457 1.405474 107.160871
7.733867 -9.194604 1.406502 107.300937
7.743872 -9.204701 1.407528 107.441050
7.753877 -9.214746 1.408551 107.581213
7.763882 -9.224739 1.409572 107.721426
7.773887 -9.234679 1.410590 107.861689
7.783892 -9.244566 1.411606 108.002004
7.793897 -9.254397 1.412619 108.142371
7.803902 -9.264172 1.413630 108.282792
7.813907 -9.273891 1.414638 108.423268
7.823912 -9.283553 1.415643 108.563798
7.833917 -9.293156 1.416646 108.704385
7.843922 -9.302700 1.417645 108.845029
7.853927 -9.312183 1.418642 108.985731
7.863932 -9.321605 1.419636 109.126493
7.873937 -9.330965 1.420626 109.267314
7.883942 -9.340261 1.421614 109.408197
7.893947 -9.349493 1.422598 109.549142
7.903952 -9.358660 1.423579 109.690151
7.913957 -9.367760 1.424557 109.831224
7.923962 -9.376792 1.425531 109.972363
7.933967 -9.385756 1.426502 110.113568
7.943972 -9.394650 1.427469 110.254841
7.953977 -9.403473 1.428433 110.396183
7.963982 -9.412224 1.429392 110.537595
7.973987 -9.420902 1.430348 110.679079
7.983992 -9.429505 1.431300 110.820635
7.993997 -9.438033 1.432248 110.962265
8.004002 -9.446484 1.433192 111.103969
8.014007 -9.454857 1.434131 111.245750
8.024012 -9.463151 1.435066 111.387608
8.034017 -9.471365 1.435997 111.529546
8.044022 -9.479496 1.436923 111.671563
8.054027 -9.487545 1.437845 111.813661
8.064032 -9.495509 1.438762 111.955842
8.074037 -9.503388 1.439674 112.098107
8.084042 -9.511180 1.440581 112.240457
8.094047 -9.518883 1.441484 112.382893
8.104052 -9.526497 1.442381 112.525418
8.114057 -9.534020 1.443273 112.668032
8.124062 -9.541451 1.444159 112.810736
8.134067 -9.548788 1.445040 112.953533
8.144072 -9.556030 1.445915 113.096423
8.154077 -9.563176 1.446785 113.239407
8.164082 -9.570224 1.447649 113.382488
8.174087 -9.577173 1.448506 113.525667
8.184092 -9.584022 1.449358 113.668944
8.194097 -9.590769 1.450203 113.812322
8.204102 -9.597413 1.451042 113.955802
8.214107 -9.603952 1.451874 114.099384
8.224112 -9.610386 1.452700 114.243071
8.234117 -9.616712 1.453519 114.386864
8.244122 -9.622930 1.454331 114.530764
8.254127 -9.629038 1.455135 114.674773
8.264132 -9.635034 1.455933 114.818891
8.274137 -9.640919 1.456723 114.963120
8.284142 -9.646690 1.457505 115.107462
8.294147 -9.652346 1.458280 115.251917
8.304152 -9.657886 1.459047 115.396487
8.314157 -9.663309 1.459805 115.541173
8.324162 -9.668614 1.460555 115.685976
8.334167 -9.673799 1.461297 115.830898
8.344172 -9.678864 1.462031 115.975938
8.354177 -9.683807 1.462755 116.121099
8.364182 -9.688628 1.463471 116.266381
8.374187 -9.693326 1.464177 116.411785
8.384192 -9.697900 1.464874 116.557313
8.394197 -9.702349 1.465561 116.702963
8.404202 -9.706673 1.466239 116.848739
8.414207 -9.710870 1.466907 116.994639
8.424212 -9.714942 1.467565 117.140665
8.434217 -9.718886 1.468212 117.286817
8.444222 -9.722702 1.468849 117.433095
8.454227 -9.726392 1.469475 117.579500
8.464232 -9.729953 1.470090 117.726032
8.474237 -9.733387 1.470694 117.872690
8.484242 -9.736693 1.471287 118.019476
8.494247 -9.739871 1.471869 118.166388
8.504252 -9.742922 1.472438 118.313426
8.514257 -9.745847 1.472996 118.460591
8.524262 -9.748645 1.473541 118.607881
8.534267 -9.751318 1.474074 118.755295
8.544272 -9.753867 1.474595 118.902833
8.554277 -9.756292 1.475103 119.050494
8.564282 -9.758594 1.475598 119.198277
8.574287 -9.760776 1.476079 119.346180
8.584292 -9.762837 1.476548 119.494202
8.594297 -9.764781 1.477002 119.642341
8.604302 -9.766609 1.477443 119.790596
8.614307 -9.768323 1.477870 119.938964
8.624312 -9.769925 1.478283 120.087443
8.634317 -9.771418 1.478682 120.236031
8.644322 -9.772803 1.479066 120.384726
8.654327 -9.774084 1.479435 120.533525
8.664332 -9.775264 1.479789 120.682424
8.674337 -9.776345 1.480128 120.831421
8.684342 -9.777332 1.480452 120.980513
8.694347 -9.778226 1.480761 121.129697
8.704352 -9.779033 1.481054 121.278967
8.714357 -9.779755 1.481331 121.428322
8.724362 -9.780397 1.481592 121.577757
8.734367 -9.780962 1.481838 121.727268
8.744372 -9.781456 1.482067 121.876850
8.754377 -9.781882 1.482280 122.026500
8.764382 -9.782245 1.482476 122.176212
8.774387 -9.782549 1.482656 122.325983
8.784392 -9.782800 1.482819 122.475806
8.794397 -9.783002 1.482966 122.625679
8.804402 -9.783161 1.483096 122.775595
8.814407 -9.783281 1.483209 122.925549
8.824412 -9.783368 1.483305 123.075536
8.834417 -9.783427 1.483384 123.225551
8.844422 -9.783463 1.483446 123.375588
8.854427 -9.783483 1.483491 123.525643
8.864432 -9.783490 1.483519 123.675709
8.874437 -9.783491 1.483530 123.825781
8.884442 -9.783492 1.483523 123.975854
8.894447 -9.783497 1.483500 124.125922
8.904452 -9.783513 1.483459 124.275981
8.914457 -9.783544 1.483402 124.426023
8.924462 -9.783597 1.483327 124.576044
8.934467 -9.783676 1.483235 124.726039
8.944472 -9.783787 1.483127 124.876002
8.954477 -9.783935 1.483001 125.025928
8.964482 -9.784126 1.482859 125.175813
8.974487 -9.784364 1.482700 125.325649
8.984492 -9.784654 1.482524 125.475434
8.994497 -9.785001 1.482332 125.625162
9.004502 -9.785410 1.482124 125.774829
9.014507 -9.785886 1.481899 125.924429
9.024512 -9.786432 1.481658 126.073959
9.034517 -9.787054 1.481400 126.223414
9.044522 -9.787755 1.481127 126.372789
9.054527 -9.788539 1.480838 126.522082
9.064532 -9.789410 1.480534 126.671289
9.074537 -9.790372 1.480214 126.820405
9.084542 -9.791429 1.479879 126.969427
9.094547 -9.792583 1.479528 127.118352
9.104552 -9.793837 1.479163 127.267177
9.114557 -9.795195 1.478783 127.415899
9.124562 -9.796659 1.478388 127.564515
9.134567 -9.798233 1.477979 127.713023
9.144572 -9.799917 1.477556 127.861420
9.154577 -9.801715 1.477118 128.009705
9.164582 -9.803629 1.476667 128.157874
9.174587 -9.805660 1.476202 128.305927
9.184592 -9.807811 1.475724 128.453861
9.194597 -9.810081 1.475233 128.601675
9.204602 -9.812474 1.474728 128.749367
9.214607 -9.814991 1.474211 128.896938
9.224612 -9.817631 1.473681 129.044384
9.234617 -9.820397 1.473139 129.191707
9.244622 -9.823289 1.472584 129.338904
9.254627 -9.826307 1.472018 129.485975
9.264632 -9.829452 1.471439 129.632920
9.274637 -9.832725 1.470849 129.779738
9.284642 -9.836126 1.470248 129.926430
9.294647 -9.839654 1.469636 130.072994
9.304652 -9.843310 1.469012 130.219432
9.314657 -9.847094 1.468378 130.365744
9.324662 -9.851005 1.467734 130.511928
9.334667 -9.855043 1.467079 130.657987
9.344672 -9.859208 1.466413 130.803920
9.354677 -9.863499 1.465738 130.949727
9.364682 -9.867915 1.465053 131.095410
9.374687 -9.872457 1.464359 131.240970
9.384692 -9.877123 1.463655 131.386406
9.394697 -9.881912 1.462942 131.531719
9.404702 -9.886824 1.462220 131.676912
9.414707 -9.891857 1.461489 131.821983
9.424712 -9.897011 1.460749 131.966936
9.434717 -9.902285 1.460001 132.111769
9.444722 -9.907677 1.459244 132.256486
9.454727 -9.913187 1.458480 132.401086
9.464732 -9.918813 1.457707 132.545571
9.474737 -9.924554 1.456927 132.689942
9.484742 -9.930409 1.456139 132.834200
9.494747 -9.936377 1.455343 132.978347
9.504752 -9.942456 1.454540 133.122384
9.514757 -9.948646 1.453730 133.266312
9.524762 -9.954944 1.452913 133.410133
9.534767 -9.961349 1.452089 133.553847
9.544772 -9.967861 1.451259 133.697457
9.554777 -9.974478 1.450422 133.840963
9.564782 -9.981198 1.449578 133.984367
9.574787 -9.988021 1.448728 134.127670
9.584792 -9.994944 1.447872 134.270874
9.594797 -10.001967 1.447010 134.413980
9.604802 -10.009087 1.446142 134.556990
9.614807 -10.016305 1.445268 134.699904
9.624812 -10.023617 1.444388 134.842725
9.634817 -10.031024 1.443503 134.985453
9.644822 -10.038523 1.442613 135.128091
9.654827 -10.046113 1.441717 135.270638
9.664832 -10.053794 1.440816 135.413098
9.674837 -10.061563 1.439910 135.555470
9.684842 -10.069419 1.438999 135.697757
9.694847 -10.077361 1.438084 135.839959
9.704852 -10.085388 1.437163 135.982079
9.714857 -10.093498 1.436238 136.124117
9.724862 -10.101690 1.435308 136.266075
9.734867 -10.109963 1.434374 136.407953
9.744872 -10.118316 1.433436 136.549754
9.754877 -10.126747 1.432493 136.691479
9.764882 -10.135255 1.431547 136.833128
9.774887 -10.143839 1.430596 136.974703
9.784892 -10.152498 1.429641 137.116205
9.794897 -10.161230 1.428682 137.257636
9.804902 -10.170034 1.427720 137.398996
9.814907 -10.178910 1.426754 137.540287
9.824912 -10.187856 1.425784 137.681510
9.834917 -10.196870 1.424810 137.822665
9.844922 -10.205953 1.423834 137.963755
9.854927 -10.215102 1.422853 138.104781
9.864932 -10.224317 1.421870 138.245742
9.874937 -10.233597 1.420883 138.386641
9.884942 -10.242940 1.419893 138.527479
9.894947 -10.252346 1.418900 138.668256
9.904952 -10.261814 1.417905 138.808973
9.914957 -10.271342 1.416906 138.949632
9.924962 -10.280930 1.415904 139.090234
9.934967 -10.290576 1.414899 139.230779
9.944972 -10.300280 1.413892 139.371268
9.954977 -10.310041 1.412882 139.511703
9.964982 -10.319858 1.411869 139.652084
9.974987 -10.329730 1.410854 139.792413
9.984992 -10.339656 1.409836 139.932690
9.994997 -10.349636 1.408816 140.072915
10.005003 -10.359668 1.407794 140.213091
10.015008 -10.369751 1.406769 140.353217
10.025013 -10.379885 1.405742 140.493295
10.035018 -10.390069 1.404712 140.633326
10.045023 -10.400303 1.403681 140.773309
10.055028 -10.410584 1.402647 140.913247
10.065033 -10.420914 1.401612 141.053139
10.075038 -10.431290 1.400574 141.192987
10.085043 -10.441713 1.399534 141.332791
10.095048 -10.452181 1.398493 141.472553
10.105053 -10.462693 1.397450 141.612272
10.115058 -10.473250 1.396404 141.751950
10.125063 -10.483850 1.395358 141.891586
10.135068 -10.494493 1.394309 142.031183
10.145073 -10.505178 1.393259 142.170741
10.155078 -10.515904 1.392207 142.310259
10.165083 -10.526671 1.391153 142.449740
10.175088 -10.537478 1.390098 142.589183
10.185093 -10.548324 1.389042 142.728589
10.195098 -10.559210 1.387984 142.867959
10.205103 -10.570133 1.386925 143.007294
10.215108 -10.581095 1.385864 143.146593
10.225113 -10.592094 1.384802 143.285858
10.235118 -10.603129 1.383739 143.425089
10.245123 -10.614201 1.382675 143.564287
10.255128 -10.625308 1.381609 143.703453
10.265133 -10.636450 1.380542 143.842586
10.275138 -10.647626 1.379474 143.981687
10.285143 -10.658837 1.378405 144.120757
10.295148 -10.670081 1.377335 144.259797
10.305153 -10.681358 1.376264 144.398807
10.315158 -10.692667 1.375192 144.537787
10.325163 -10.704009 1.374119 144.676738
10.335168 -10.715382 1.373045 144.815660
10.345173 -10.726786 1.371970 144.954555
10.355178 -10.738221 1.370895 145.093421
10.365183 -10.749687 1.369819 145.232261
10.375188 -10.761182 1.368742 145.371073
10.385193 -10.772706 1.367664 145.509860
10.395198 -10.784260 1.366585 145.648620
10.405203 -10.795842 1.365506 145.787355
10.415208 -10.807452 1.364427 145.926065
10.425213 -10.819090 1.363346 146.064750
10.435218 -10.830756 1.362265 146.203412
10.445223 -10.842448 1.361184 146.342049
10.455228 -10.854167 1.360102 146.480663
10.465233 -10.865913 1.359020 146.619253
10.475238 -10.877684 1.357937 146.757821
10.485243 -10.889481 1.356854 146.896367
10.495248 -10.901303 1.355770 147.034891
10.505253 -10.913150 1.354687 147.173393
10.515258 -10.925022 1.353603 147.311874
10.525263 -10.936918 1.352518 147.450334
10.535268 -10.948838 1.351434 147.588774
10.545273 -10.960781 1.350349 147.727193
10.555278 -10.972748 1.349264 147.865592
10.565283 -10.984738 1.348179 148.003972
10.575288 -10.996751 1.347094 148.142332
10.585293 -11.008785 1.346008 148.280674
10.595298 -11.020842 1.344923 148.418997
10.605303 -11.032921 1.343838 148.557301
10.615308 -11.045022 1.342752 148.695588
10.625313 -11.057143 1.341667 148.833857
10.635318 -11.069286 1.340582 148.972108
10.645323 -11.081450 1.339496 149.110342
10.655328 -11.093634 1.338411 149.248559
10.665333 -11.105838 1.337327 149.386759
10.675338 -11.118062 1.336242 149.524944
10.685343 -11.130306 1.335157 149.663112
10.695348 -11.142569 1.334073 149.801264
10.705353 -11.154852 1.332989 149.939400
10.715358 -11.167154 1.331906 150.077521
10.725363 -11.179474 1.330822 150.215627
10.735368 -11.191813 1.329739 150.353719
10.745373 -11.204171 1.328657 150.491795
10.755378 -11.216546 1.327575 150.629857
10.765383 -11.228940 1.326493 150.767905
10.775388 -11.241351 1.325412 150.905940
10.785393 -11.253780 1.324331 151.043960
10.795398 -11.266225 1.323251 151.181967
10.805403 -11.278689 1.322171 151.319960
10.815408 -11.291169 1.321092 151.457941
10.825413 -11.303665 1.320014 151.595909
10.835418 -11.316178 1.318936 151.733864
10.845423 -11.328708 1.317859 151.871806
10.855428 -11.341253 1.316783 152.009736
10.865433 -11.353815 1.315707 152.147655
10.875438 -11.366392 1.314632 152.285561
10.885443 -11.378985 1.313558 152.423456
10.895448 -11.391594 1.312485 152.561339
10.905453 -11.404218 1.311413 152.699211
10.915458 -11.416856 1.310341 152.837072
10.925463 -11.429510 1.309270 152.974922
10.935468 -11.442178 1.308201 153.112761
10.945473 -11.454861 1.307132 153.250590
10.955478 -11.467559 1.306064 153.388408
10.965483 -11.480271 1.304998 153.526216
10.975488 -11.492997 1.303932 153.664013
10.985493 -11.505737 1.302867 153.801801
10.995498 -11.518490 1.301804 153.939579
11.005503 -11.531258 1.300742 154.077348
11.015508 -11.544039 1.299681 154.215107
11.025513 -11.556833 1.298621 154.352857
11.035518 -11.569641 1.297562 154.490598
11.045523 -11.582462 1.296504 154.628329
11.055528 -11.595296 1.295448 154.766052
11.065533 -11.608142 1.294393 154.903766
11.075538 -11.621002 1.293340 155.041472
11.085543 -11.633874 1.292288 155.179169
11.095548 -11.646758 1.291237 155.316858
11.105553 -11.659655 1.290188 155.454539
11.115558 -11.672565 1.289140 155.592211
11.125563 -11.685486 1.288093 155.729876
11.135568 -11.698419 1.287048 155.867533
11.145573 -11.711364 1.286005 156.005183
11.155578 -11.724321 1.284963 156.142825
11.165583 -11.737290 1.283923 156.280459
11.175588 -11.750270 1.282885 156.418087
11.185593 -11.763261 1.281848 156.555707
11.195598 -11.776264 1.280813 156.693320
11.205603 -11.789278 1.279780 156.830926
11.215608 -11.802303 1.278748 156.968526
11.225613 -11.815339 1.277718 157.106119
11.235618 -11.828386 1.276690 157.243705
11.245623 -11.841444 1.275664 157.381285
11.255628 -11.854512 1.274640 157.518859
11.265633 -11.867592 1.273617 157.656426
11.275638 -11.880681 1.272597 157.793987
11.285643 -11.893781 1.271579 157.931542
11.295648 -11.906891 1.270562 158.069092
11.305653 -11.920012 1.269548 158.206635
11.315658 -11.933142 1.268536 158.344173
11.325663 -11.946283 1.267525 158.481705
11.335668 -11.959433 1.266517 158.619232
11.345673 -11.972594 1.265511 158.756753
11.355678 -11.985764 1.264508 158.894269
11.365683 -11.998943 1.263506 159.031780
11.375688 -12.012133 1.262507 159.169286
11.385693 -12.025331 1.261510 159.306786
11.395698 -12.038540 1.260515 159.444282
11.405703 -12.051757 1.259523 159.581772
11.415708 -12.064984 1.258533 159.719258
11.425713 -12.078220 1.257545 159.856740
11.435718 -12.091465 1.256560 159.994216
11.445723 -12.104719 1.255578 160.131688
11.455728 -12.117982 1.254598 160.269156
11.465733 -12.131253 1.253620 160.406619
11.475738 -12.144534 1.252645 160.544078
11.485743 -12.157823 1.251673 160.681533
11.495748 -12.171121 1.250703 160.818984
11.505753 -12.184427 1.249736 160.956430
11.515758 -12.197742 1.248772 161.093873
11.525763 -12.211065 1.247810 161.231312
11.535768 -12.224397 1.246851 161.368747
11.545773 -12.237736 1.245895 161.506178
11.555778 -12.251084 1.244942 161.643605
11.565783 -12.264441 1.243992 161.781029
11.575788 -12.277805 1.243044 161.918449
11.585793 -12.291177 1.242100 162.055866
11.595798 -12.304557 1.241158 162.193280
11.605803 -12.317945 1.240219 162.330690
11.615808 -12.331340 1.239284 162.468096
11.625813 -12.344744 1.238351 162.605500
11.635818 -12.358155 1.237422 162.742900
11.645823 -12.371573 1.236496 162.880297
11.655828 -12.385000 1.235573 163.017692
11.665833 -12.398433 1.234653 163.155083
11.675838 -12.411874 1.233736 163.292471
11.685843 -12.425322 1.232822 163.429857
11.695848 -12.438778 1.231912 163.567239
11.705853 -12.452241 1.231005 163.704619
11.715858 -12.465711 1.230102 163.841997
11.725863 -12.479188 1.229202 163.979371
11.735868 -12.492672 1.228305 164.116743
11.745873 -12.506163 1.227412 164.254113
11.755878 -12.519661 1.226522 164.391480
11.765883 -12.533166 1.225636 164.528844
11.775888 -12.546678 1.224753 164.666207
11.785893 -12.560196 1.223874 164.803567
11.795898 -12.573721 1.222999 164.940924
11.805903 -12.587253 1.222127 165.078280
11.815908 -12.600792 1.221259 165.215633
11.825913 -12.614337 1.220395 165.352984
11.835918 -12.627888 1.219534 165.490333
11.845923 -12.641446 1.218677 165.627681
11.855928 -12.655010 1.217824 165.765026
11.865933 -12.668580 1.216975 165.902369
11.875938 -12.682157 1.216130 166.039710
11.885943 -12.695740 1.215288 166.177049
11.895948 -12.709329 1.214451 166.314387
11.905953 -12.722925 1.213617 166.451723
11.915958 -12.736526 1.212788 166.589057
11.925963 -12.750133 1.211963 166.726389
11.935968 -12.763747 1.211141 166.863720
11.945973 -12.777366 1.210324 167.001049
11.955978 -12.790991 1.209511 167.138377
11.965983 -12.804622 1.208702 167.275703
11.975988 -12.818258 1.207898 167.413028
11.985993 -12.831901 1.207097 167.550351
11.995998 -12.845549 1.206301 167.687673
12.006003 -12.859202 1.205510 167.824993
12.016008 -12.872861 1.204722 167.962312
12.026013 -12.886526 1.203939 168.099630
12.036018 -12.900196 1.203161 168.236946
12.046023 -12.913872 1.202387 168.374261
12.056028 -12.927553 1.201617 168.511575
12.066033 -12.941239 1.200852 168.648888
12.076038 -12.954931 1.200091 168.786200
12.086043 -12.968627 1.199335 168.923510
12.096048 -12.982329 1.198584 169.060820
12.106053 -12.996037 1.197837 169.198128
12.116058 -13.009749 1.197095 169.335435
12.126063 -13.023466 1.196357 169.472742
12.136068 -13.037188 1.195625 169.610047
12.146073 -13.050916 1.194897 169.747352
12.156078 -13.064648 1.194174 169.884655
12.166083 -13.078385 1.193456 170.021958
12.176088 -13.092127 1.192742 170.159260
12.186093 -13.105873 1.192034 170.296561
12.196098 -13.119625 1.191330 170.433861
12.206103 -13.133381 1.190632 170.571160
12.216108 -13.147141 1.189938 170.708459
12.226113 -13.160907 1.189249 170.845757
12.236118 -13.174676 1.188566 170.983054
12.246123 -13.188451 1.187887 171.120350
12.256128 -13.202230 1.187214 171.257646
12.266133 -13.216013 1.186546 171.394941
12.276138 -13.229800 1.185883 171.532236
12.286143 -13.243592 1.185225 171.669530
12.296148 -13.257389 1.184572 171.806823
12.306153 -13.271189 1.183925 171.944116
12.316158 -13.284994 1.183283 172.081408
12.326163 -13.298803 1.182646 172.218700
12.336168 -13.312616 1.182015 172.355991
12.346173 -13.326433 1.181389 172.493282
12.356178 -13.340254 1.180769 172.630572
12.366183 -13.354079 1.180154 172.767862
12.376188 -13.367908 1.179544 172.905151
12.386193 -13.381741 1.178940 173.042440
12.396198 -13.395578 1.178341 173.179729
12.406203 -13.409419 1.177748 173.317017
12.416208 -13.423263 1.177161 173.454305
12.426213 -13.437111 1.176579 173.591592
12.436218 -13.450963 1.176003 173.728879
12.446223 -13.464819 1.175432 173.866166
12.456228 -13.478678 1.174867 174.003453
12.466233 -13.492541 1.174308 174.140739
12.476238 -13.506407 1.173755 174.278025
12.486243 -13.520277 1.173207 174.415311
12.496248 -13.534150 1.172666 174.552596
12.506253 -13.548027 1.172130 174.689881
12.516258 -13.561907 1.171599 174.827166
12.526263 -13.575790 1.171075 174.964451
12.536268 -13.589677 1.170557 175.101736
12.546273 -13.603566 1.170045 175.239020
12.556278 -13.617459 1.169538 175.376304
12.566283 -13.631355 1.169038 175.513588
12.576288 -13.645255 1.168543 175.650872
12.586293 -13.659157 1.168055 175.788156
12.596298 -13.673062 1.167573 175.925439
12.606303 -13.686971 1.167096 176.062723
12.616308 -13.700882 1.166626 176.200006
12.626313 -13.714796 1.166162 176.337289
12.636318 -13.728713 1.165704 176.474572
12.646323 -13.742633 1.165253 176.611855
12.656328 -13.756556 1.164807 176.749138
12.666333 -13.770481 1.164368 176.886421
12.676338 -13.784409 1.163935 177.023704
12.686343 -13.798340 1.163508 177.160987
12.696348 -13.812273 1.163088 177.298269
12.706353 -13.826209 1.162674 177.435552
12.716358 -13.840148 1.162266 177.572834
12.726363 -13.854089 1.161864 177.710117
12.736368 -13.868032 1.161469 177.847399
12.746373 -13.881978 1.161080 177.984682
12.756378 -13.895926 1.160698 178.121964
12.766383 -13.909877 1.160322 178.259246
12.776388 -13.923829 1.159953 178.396529
12.786393 -13.937784 1.159590 178.533811
12.796398 -13.951742 1.159233 178.671093
12.806403 -13.965701 1.158883 178.808376
12.816408 -13.979663 1.158540 178.945658
12.826413 -13.993626 1.158203 179.082940
12.836418 -14.007592 1.157873 179.220223
12.846423 -14.021559 1.157549 179.357505
12.856428 -14.035529 1.157232 179.494787
12.866433 -14.049500 1.156921 179.632070
12.876438 -14.063474 1.156617 179.769352
12.886443 -14.077449 1.156320 179.906634
12.896448 -14.091426 1.156029 180.043917
12.906453 -14.105404 1.155746 180.181199
12.916458 -14.119385 1.155468 180.318482
12.926463 -14.133367 1.155198 180.455764
12.936468 -14.147350 1.154934 180.593047
12.946473 -14.161335 1.154677 180.730329
12.956478 -14.175322 1.154426 180.867612
12.966483 -14.189310 1.154183 181.004894
12.976488 -14.203300 1.153946 181.142177
12.986493 -14.217291 1.153716 181.279460
12.996498 -14.231284 1.153493 181.416742
13.006503 -14.245277 1.153276 181.554025
13.016508 -14.259272 1.153067 181.691308
13.026513 -14.273269 1.152864 181.828591
13.036518 -14.287266 1.152668 181.965874
13.046523 -14.301265 1.152479 182.103157
13.056528 -14.315265 1.152297 182.240440
13.066533 -14.329266 1.152122 182.377722
13.076538 -14.343267 1.151953 182.515005
13.086543 -14.357270 1.151792 182.652288
13.096548 -14.371274 1.151637 182.789572
13.106553 -14.385279 1.151489 182.926855
13.116558 -14.399285 1.151348 183.064138
13.126563 -14.413291 1.151214 183.201421
13.136568 -14.427298 1.151087 183.338704
13.146573 -14.441306 1.150967 183.475987
13.156578 -14.455315 1.150854 183.613271
13.166583 -14.469324 1.150748 183.750554
13.176588 -14.483334 1.150649 183.887837
13.186593 -14.497345 1.150557 184.025120
13.196598 -14.511356 1.150472 184.162404
13.206603 -14.525367 1.150393 184.299687
13.216608 -14.539379 1.150322 184.436971
13.226613 -14.553391 1.150258 184.574254
13.236618 -14.567404 1.150200 184.711537
13.246623 -14.581417 1.150150 184.848821
13.256628 -14.595431 1.150107 184.986104
13.266633 -14.609444 1.150070 185.123388
13.276638 -14.623458 1.150041 185.260671
13.286643 -14.637472 1.150019 185.397955
13.296648 -14.651486 1.150003 185.535238
13.306653 -14.665500 1.149995 185.672522
13.316658 -14.679514 1.149994 185.809805
13.326663 -14.693528 1.149999 185.947089
13.336668 -14.707542 1.150012 186.084372
13.346673 -14.721556 1.150032 186.221655
13.356678 -14.735570 1.150058 186.358939
13.366683 -14.749584 1.150092 186.496222
13.376688 -14.763597 1.150132 186.633506
13.386693 -14.777610 1.150180 186.770789
13.396698 -14.791623 1.150235 186.908073
13.406703 -14.805636 1.150296 187.045356
13.416708 -14.819648 1.150365 187.182639
13.426713 -14.833660 1.150440 187.319923
13.436718 -14.847671 1.150523 187.457206
13.446723 -14.861682 1.150612 187.594489
13.456728 -14.875692 1.150709 187.731773
13.466733 -14.889701 1.150812 187.869056
13.476738 -14.903710 1.150923 188.006339
13.486743 -14.917718 1.151040 188.143623
13.496748 -14.931726 1.151164 188.280906
13.506753 -14.945733 1.151295 188.418189
13.516758 -14.959739 1.151433 188.555472
13.526763 -14.973744 1.151579 188.692755
13.536768 -14.987748 1.151730 188.830038
13.546773 -15.001751 1.151889 188.967321
13.556778 -15.015753 1.152055 189.104604
13.566783 -15.029755 1.152228 189.241887
13.576788 -15.043755 1.152407 189.379170
13.586793 -15.057754 1.152594 189.516453
13.596798 -15.071752 1.152787 189.653736
13.606803 -15.085749 1.152987 189.791019
13.616808 -15.099744 1.153194 189.928302
13.626813 -15.113739 1.153408 190.065584
13.636818 -15.127732 1.153628 190.202867
13.646823 -15.141723 1.153856 190.340150
13.656828 -15.155713 1.154090 190.477433
13.666833 -15.169702 1.154331 190.614715
13.676838 -15.183690 1.154578 190.751998
13.686843 -15.197675 1.154833 190.889280
13.696848 -15.211660 1.155094 191.026563
13.706853 -15.225642 1.155362 191.163845
13.716858 -15.239623 1.155637 191.301128
13.726863 -15.253603 1.155918 191.438410
13.736868 -15.267580 1.156206 191.575693
13.746873 -15.281556 1.156501 191.712975
13.756878 -15.295530 1.156802 191.850257
13.766883 -15.309502 1.157110 191.987540
13.776888 -15.323473 1.157425 192.124822
13.786893 -15.337441 1.157746 192.262105
13.796898 -15.351407 1.158074 192.399387
13.806903 -15.365372 1.158408 192.536669
13.816908 -15.379334 1.158749 192.673951
13.826913 -15.393294 1.159096 192.811234
13.836918 -15.407252 1.159450 192.948516
13.846923 -15.421208 1.159811 193.085798
13.856928 -15.435162 1.160177 193.223081
13.866933 -15.449113 1.160551 193.360363
13.876938 -15.463062 1.160931 193.497645
13.886943 -15.477009 1.161317 193.634928
13.896948 -15.490953 1.161710 193.772210
13.906953 -15.504895 1.162109 193.909493
13.916958 -15.518835 1.162514 194.046775
13.926963 -15.532771 1.162926 194.184058
13.936968 -15.546706 1.163344 194.321340
13.946973 -15.560638 1.163768 194.458623
13.956978 -15.574567 1.164198 194.595906
13.966983 -15.588493 1.164635 194.733189
13.976988 -15.602417 1.165078 194.870471
13.986993 -15.616338 1.165528 195.007754
13.996998 -15.630256 1.165983 195.145037
14.007004 -15.644171 1.166445 195.282321
14.017009 -15.658084 1.166912 195.419604
14.027014 -15.671993 1.167386 195.556887
14.037019 -15.685900 1.167866 195.694171
14.047024 -15.699803 1.168352 195.831454
14.057029 -15.713704 1.168844 195.968738
14.067034 -15.727601 1.169342 196.106022
14.077039 -15.741495 1.169847 196.243306
14.087044 -15.755386 1.170357 196.380591
14.097049 -15.769274 1.170873 196.517875
14.107054 -15.783159 1.171395 196.655160
14.117059 -15.797040 1.171922 196.792445
14.127064 -15.810918 1.172456 196.929730
14.137069 -15.824793 1.172996 197.067015
14.147074 -15.838664 1.173541 197.204301
14.157079 -15.852531 1.174092 197.341587
14.167084 -15.866395 1.174649 197.478873
14.177089 -15.880256 1.175211 197.616159
14.187094 -15.894113 1.175780 197.753446
14.197099 -15.907966 1.176354 197.890733
14.207104 -15.921816 1.176933 198.028020
14.217109 -15.935662 1.177519 198.165308
14.227114 -15.949504 1.178110 198.302596
14.237119 -15.963342 1.178706 198.439884
14.247124 -15.977177 1.179308 198.577173
14.257129 -15.991008 1.179915 198.714463
14.267134 -16.004834 1.180528 198.851752
14.277139 -16.018657 1.181147 198.989042
14.287144 -16.032476 1.181771 199.126333
14.297149 -16.046290 1.182400 199.263624
14.307154 -16.060101 1.183034 199.400915
14.317159 -16.073907 1.183674 199.538207
14.327164 -16.087709 1.184320 199.675500
14.337169 -16.101507 1.184970 199.812793
14.347174 -16.115301 1.185626 199.950087
14.357179 -16.129090 1.186287 200.087381
14.367184 -16.142875 1.186953 200.224676
14.377189 -16.156656 1.187624 200.361972
14.387194 -16.170432 1.188301 200.499268
14.397199 -16.184203 1.188982 200.636565
14.407204 -16.197970 1.189669 200.773862
14.417209 -16.211733 1.190361 200.911161
14.427214 -16.225491 1.191057 201.048460
14.437219 -16.239244 1.191759 201.185759
14.447224 -16.252992 1.192466 201.323060
14.457229 -16.266736 1.193177 201.460362
14.467234 -16.280475 1.193893 201.597664
14.477239 -16.294209 1.194615 201.734967
14.487244 -16.307938 1.195341 201.872271
14.497249 -16.321662 1.196071 202.009576
14.507254 -16.335382 1.196807 202.146882
14.517259 -16.349096 1.197547 202.284189
14.527264 -16.362805 1.198292 202.421497
14.537269 -16.376509 1.199042 202.558806
14.547274 -16.390208 1.199796 202.696116
14.557279 -16.403901 1.200555 202.833427
14.567284 -16.417590 1.201318 202.970740
14.577289 -16.431273 1.202086 203.108053
14.587294 -16.444950 1.202859 203.245368
14.597299 -16.458623 1.203635 203.382684
14.607304 -16.472289 1.204417 203.520001
14.617309 -16.485951 1.205202 203.657320
14.627314 -16.499607 1.205992 203.794639
14.637319 -16.513257 1.206787 203.931961
14.647324 -16.526901 1.207585 204.069283
14.657329 -16.540540 1.208388 204.206607
14.667334 -16.554173 1.209196 204.343933
14.677339 -16.567801 1.210007 204.481260
14.687344 -16.581422 1.210822 204.618588
14.697349 -16.595038 1.211642 204.755918
14.707354 -16.608647 1.212466 204.893250
14.717359 -16.622251 1.213294 205.030584
14.727364 -16.635849 1.214126 205.167919
14.737369 -16.649440 1.214961 205.305256
14.747374 -16.663026 1.215801 205.442595
14.757379 -16.676605 1.216645 205.579935
14.767384 -16.690178 1.217493 205.717277
14.777389 -16.703744 1.218344 205.854622
14.787394 -16.717305 1.219200 205.991968
14.797399 -16.730859 1.220059 206.129316
14.807404 -16.744406 1.220922 206.266667
14.817409 -16.757947 1.221788 206.404019
14.827414 -16.771481 1.222659 206.541374
14.837419 -16.785009 1.223533 206.678731
14.847424 -16.798530 1.224410 206.816090
14.857429 -16.812045 1.225292 206.953451
14.867434 -16.825552 1.226176 207.090815
14.877439 -16.839053 1.227065 207.228181
14.887444 -16.852547 1.227957 207.365550
14.897449 -16.866034 1.228852 207.502921
14.907454 -16.879513 1.229751 207.640294
14.917459 -16.892986 1.230653 207.777670
14.927464 -16.906452 1.231559 207.915049
14.937469 -16.919910 1.232467 208.052431
14.947474 -16.933361 1.233380 208.189815
14.957479 -16.946805 1.234295 208.327203
14.967484 -16.960242 1.235214 208.464593
14.977489 -16.973671 1.236136 208.601986
14.987494 -16.987092 1.237061 208.739382
14.997499 -17.000506 1.237989 208.876781
15.007504 -17.013913 1.238920 209.014183
15.017509 -17.027311 1.239855 209.151589
15.027514 -17.040702 1.240792 209.288997
15.037519 -17.054085 1.241732 209.426409
15.047524 -17.067461 1.242676 209.563825
15.057529 -17.080828 1.243622 209.701244
15.067534 -17.094187 1.244571 209.838666
15.077539 -17.107538 1.245523 209.976092
15.087544 -17.120881 1.246478 210.113522
15.097549 -17.134216 1.247436 210.250955
15.107554 -17.147542 1.248397 210.388393
15.117559 -17.160861 1.249360 210.525834
15.127564 -17.174170 1.250326 210.663279
15.137569 -17.187471 1.251295 210.800728
15.147574 -17.200764 1.252266 210.938181
15.157579 -17.214048 1.253240 211.075638
15.167584 -17.227323 1.254217 211.213100
15.177589 -17.240589 1.255196 211.350566
15.187594 -17.253847 1.256177 211.488036
15.197599 -17.267095 1.257161 211.625511
15.207604 -17.280335 1.258148 211.762991
15.217609 -17.293565 1.259137 211.900475
15.227614 -17.306786 1.260128 212.037964
15.237619 -17.319998 1.261122 212.175457
15.247624 -17.333200 1.262118 212.312956
15.257629 -17.346393 1.263116 212.450460
15.267634 -17.359577 1.264117 212.587968
15.277639 -17.372751 1.265120 212.725482
15.287644 -17.385915 1.266125 212.863001
15.297649 -17.399069 1.267132 213.000526
15.307654 -17.412213 1.268142 213.138056
15.317659 -17.425348 1.269153 213.275592
15.327664 -17.438472 1.270167 213.413133
15.337669 -17.451587 1.271182 213.550680
15.347674 -17.464690 1.272200 213.688233
15.357679 -17.477784 1.273220 213.825792
15.367684 -17.490867 1.274241 213.963357
15.377689 -17.503940 1.275265 214.100928
15.387694 -17.517002 1.276290 214.238505
15.397699 -17.530053 1.277317 214.376089
15.407704 -17.543093 1.278347 214.513679
15.417709 -17.556123 1.279377 214.651276
15.427714 -17.569141 1.280410 214.788880
15.437719 -17.582148 1.281445 214.926491
15.447724 -17.595144 1.282481 215.064108
15.457729 -17.608129 1.283519 215.201733
15.467734 -17.621102 1.284558 215.339364
15.477739 -17.634063 1.285599 215.477003
15.487744 -17.647013 1.286642 215.614650
15.497749 -17.659951 1.287686 215.752304
15.507754 -17.672877 1.288732 215.889966
15.517759 -17.685791 1.289779 216.027635
15.527764 -17.698692 1.290828 216.165313
15.537769 -17.711582 1.291878 216.302999
15.547774 -17.724459 1.292930 216.440693
15.557779 -17.737323 1.293983 216.578395
15.567784 -17.750175 1.295037 216.716106
15.577789 -17.763014 1.296093 216.853825
15.587794 -17.775840 1.297150 216.991553
15.597799 -17.788652 1.298208 217.129290
15.607804 -17.801452 1.299267 217.267037
15.617809 -17.814238 1.300328 217.404792
15.627814 -17.827011 1.301390 217.542557
15.637819 -17.839770 1.302453 217.680331
15.647824 -17.852516 1.303517 217.818115
15.657829 -17.865247 1.304582 217.955909
15.667834 -17.877964 1.305649 218.093713
15.677839 -17.890667 1.306716 218.231527
15.687844 -17.903356 1.307784 218.369352
15.697849 -17.916030 1.308854 218.507187
15.707854 -17.928690 1.309924 218.645033
15.717859 -17.941334 1.310995 218.782889
15.727864 -17.953964 1.312067 218.920757
15.737869 -17.966578 1.313140 219.058636
15.747874 -17.979177 1.314214 219.196526
15.757879 -17.991761 1.315288 219.334428
15.767884 -18.004328 1.316364 219.472341
15.777889 -18.016880 1.317440 219.610267
15.787894 -18.029416 1.318517 219.748205
15.797899 -18.041936 1.319594 219.886155
15.807904 -18.054439 1.320672 220.024118
15.817909 -18.066925 1.321751 220.162093
15.827914 -18.079395 1.322830 220.300082
15.837919 -18.091848 1.323910 220.438083
15.847924 -18.104283 1.324991 220.576098
15.857929 -18.116701 1.326072 220.714127
15.867934 -18.129102 1.327153 220.852170
15.877939 -18.141484 1.328235 220.990226
15.887944 -18.153849 1.329318 221.128297
15.897949 -18.166195 1.330400 221.266383
15.907954 -18.178523 1.331484 221.404483
15.917959 -18.190832 1.332567 221.542598
15.927964 -18.203122 1.333651 221.680729
15.937969 -18.215393 1.334735 221.818875
15.947974 -18.227644 1.335819 221.957036
15.957979 -18.239876 1.336904 222.095214
15.967984 -18.252088 1.337989 222.233408
15.977989 -18.264280 1.339074 222.371619
15.987994 -18.276451 1.340159 222.509846
15.997999 -18.288602 1.341244 222.648091
16.008004 -18.300732 1.342329 222.786353
16.018009 -18.312841 1.343415 222.924632
16.028014 -18.324928 1.344500 223.062930
16.038019 -18.336994 1.345585 223.201246
16.048024 -18.349037 1.346671 223.339580
16.058029 -18.361059 1.347756 223.477933
16.068034 -18.373057 1.348841 223.616305
16.078039 -18.385033 1.349926 223.754697
16.088044 -18.396986 1.351011 223.893108
16.098049 -18.408915 1.352096 224.031540
16.108054 -18.420820 1.353180 224.169992
16.118059 -18.432701 1.354264 224.308464
16.128064 -18.444558 1.355348 224.446958
16.138069 -18.456390 1.356432 224.585474
16.148074 -18.468197 1.357515 224.724011
16.158079 -18.479978 1.358598 224.862570
16.168084 -18.491734 1.359681 225.001152
16.178089 -18.503463 1.360763 225.139757
16.188094 -18.515166 1.361844 225.278385
16.198099 -18.526842 1.362925 225.417037
16.208104 -18.538491 1.364006 225.555712
16.218109 -18.550112 1.365086 225.694413
16.228114 -18.561705 1.366165 225.833138
16.238119 -18.573270 1.367244 225.971888
16.248124 -18.584806 1.368322 226.110665
16.258129 -18.596313 1.369399 226.249467
16.268134 -18.607789 1.370476 226.388296
16.278139 -18.619236 1.371552 226.527152
16.288144 -18.630653 1.372627 226.666035
16.298149 -18.642038 1.373701 226.804947
16.308154 -18.653392 1.374774 226.943886
16.318159 -18.664714 1.375846 227.082855
16.328164 -18.676004 1.376918 227.221853
16.338169 -18.687261 1.377988 227.360881
16.348174 -18.698484 1.379058 227.499940
16.358179 -18.709674 1.380126 227.639029
16.368184 -18.720830 1.381193 227.778150
16.378189 -18.731950 1.382259 227.917302
16.388194 -18.743036 1.383324 228.056487
16.398199 -18.754085 1.384388 228.195706
16.408204 -18.765098 1.385451 228.334957
16.418209 -18.776074 1.386512 228.474243
16.428214 -18.787013 1.387572 228.613564
16.438219 -18.797914 1.388630 228.752920
16.448224 -18.808775 1.389687 228.892312
16.458229 -18.819598 1.390743 229.031741
16.468234 -18.830380 1.391797 229.171207
16.478239 -18.841123 1.392849 229.310711
16.488244 -18.851824 1.393900 229.450253
16.498249 -18.862483 1.394949 229.589834
16.508254 -18.873100 1.395997 229.729455
16.518259 -18.883673 1.397043 229.869117
16.528264 -18.894203 1.398087 230.008820
16.538269 -18.904689 1.399129 230.148565
16.548274 -18.915129 1.400169 230.288352
16.558279 -18.925523 1.401208 230.428183
16.568284 -18.935871 1.402244 230.568058
16.578289 -18.946171 1.403278 230.707978
16.588294 -18.956424 1.404311 230.847944
16.598299 -18.966627 1.405341 230.987956
16.608304 -18.976781 1.406369 231.128015
16.618309 -18.986884 1.407395 231.268122
16.628314 -18.996936 1.408418 231.408279
16.638319 -19.006936 1.409439 231.548485
16.648324 -19.016883 1.410458 231.688741
16.658329 -19.026776 1.411474 231.829050
16.668334 -19.036615 1.412488 231.969410
16.678339 -19.046397 1.413499 232.109824
16.688344 -19.056124 1.414507 232.250292
16.698349 -19.065793 1.415513 232.390815
16.708354 -19.075404 1.416516 232.531395
16.718359 -19.084955 1.417516 232.672031
16.728364 -19.094446 1.418513 232.812726
16.738369 -19.103877 1.419507 232.953480
16.748374 -19.113244 1.420498 233.094293
16.758379 -19.122549 1.421486 233.235168
16.768384 -19.131789 1.422471 233.376105
16.778389 -19.140964 1.423452 233.517106
16.788394 -19.150073 1.424430 233.658170
16.798399 -19.159114 1.425405 233.799300
16.808404 -19.168087 1.426376 233.940497
16.818409 -19.176990 1.427344 234.081761
16.828414 -19.185823 1.428308 234.223094
16.838419 -19.194583 1.429268 234.364497
16.848424 -19.203271 1.430224 234.505971
16.858429 -19.211884 1.431177 234.647518
16.868434 -19.220422 1.432125 234.789138
16.878439 -19.228883 1.433069 234.930833
16.888444 -19.237266 1.434009 235.072604
16.898449 -19.245570 1.434945 235.214452
16.908454 -19.253794 1.435876 235.356379
16.918459 -19.261936 1.436803 235.498385
16.928464 -19.269996 1.437726 235.640473
16.938469 -19.277971 1.438643 235.782643
16.948474 -19.285861 1.439556 235.924897
16.958479 -19.293664 1.440464 236.067236
16.968484 -19.301379 1.441367 236.209661
16.978489 -19.309005 1.442265 236.352174
16.988494 -19.316540 1.443157 236.494776
16.998499 -19.323982 1.444044 236.637469
17.008504 -19.331332 1.444926 236.780254
17.018509 -19.338586 1.445802 236.923131
17.028514 -19.345745 1.446672 237.066104
17.038519 -19.352806 1.447537 237.209172
17.048524 -19.359768 1.448395 237.352338
17.058529 -19.366630 1.449248 237.495602
17.068534 -19.373390 1.450094 237.638967
17.078539 -19.380047 1.450933 237.782433
17.088544 -19.386600 1.451767 237.926002
17.098549 -19.393047 1.452593 238.069676
17.108554 -19.399388 1.453413 238.213455
17.118559 -19.405620 1.454226 238.357341
17.128564 -19.411742 1.455031 238.501335
17.138569 -19.417753 1.455830 238.645439
17.148574 -19.423653 1.456621 238.789654
17.158579 -19.429438 1.457404 238.933981
17.168584 -19.435109 1.458180 239.078422
17.178589 -19.440665 1.458947 239.222977
17.188594 -19.446103 1.459707 239.367647
17.198599 -19.451423 1.460458 239.512435
17.208604 -19.456624 1.461201 239.657341
17.218609 -19.461704 1.461936 239.802366
17.228614 -19.466663 1.462661 239.947511
17.238619 -19.471500 1.463378 240.092778
17.248624 -19.476214 1.464086 240.238166
17.258629 -19.480804 1.464784 240.383677
17.268634 -19.485270 1.465473 240.529312
17.278639 -19.489610 1.466152 240.675071
17.288644 -19.493824 1.466821 240.820955
17.298649 -19.497911 1.467480 240.966965
17.308654 -19.501872 1.468128 241.113100
17.318659 -19.505705 1.468767 241.259362
17.328664 -19.509411 1.469394 241.405750
17.338669 -19.512989 1.470011 241.552266
17.348674 -19.516439 1.470617 241.698908
17.358679 -19.519762 1.471211 241.845677
17.368684 -19.522957 1.471794 241.992573
17.378689 -19.526025 1.472365 242.139595
17.388694 -19.528966 1.472924 242.286743
17.398699 -19.531780 1.473471 242.434016
17.408704 -19.534470 1.474006 242.581414
17.418709 -19.537034 1.474528 242.728937
17.428714 -19.539475 1.475038 242.876582
17.438719 -19.541793 1.475534 243.024349
17.448724 -19.543990 1.476018 243.172236
17.458729 -19.546068 1.476488 243.320243
17.468734 -19.548027 1.476944 243.468367
17.478739 -19.549870 1.477387 243.616607
17.488744 -19.551598 1.477816 243.764960
17.498749 -19.553215 1.478230 243.913425
17.508754 -19.554721 1.478631 244.061999
17.518759 -19.556121 1.479017 244.210680
17.528764 -19.557415 1.479388 244.359466
17.538769 -19.558608 1.479744 244.508352
17.548774 -19.559702 1.480085 244.657337
17.558779 -19.560700 1.480411 244.806417
17.568784 -19.561606 1.480722 244.955588
17.578789 -19.562424 1.481017 245.104848
17.588794 -19.563157 1.481296 245.254192
17.598799 -19.563809 1.481559 245.403617
17.608804 -19.564384 1.481807 245.553118
17.618809 -19.564887 1.482038 245.702691
17.628814 -19.565322 1.482253 245.852332
17.638819 -19.565692 1.482451 246.002037
17.648824 -19.566004 1.482634 246.151800
17.658829 -19.566262 1.482799 246.301617
17.668834 -19.566470 1.482948 246.451484
17.678839 -19.566634 1.483080 246.601394
17.688844 -19.566759 1.483195 246.751343
17.698849 -19.566850 1.483293 246.901326
17.708854 -19.566912 1.483375 247.051338
17.718859 -19.566951 1.483439 247.201373
17.728864 -19.566972 1.483486 247.351425
17.738869 -19.566981 1.483516 247.501490
17.748874 -19.566983 1.483529 247.651562
17.758879 -19.566983 1.483525 247.801636
17.768884 -19.566988 1.483504 247.951705
17.778889 -19.567002 1.483466 248.101764
17.788894 -19.567031 1.483410 248.251809
17.798899 -19.567080 1.483338 248.401834
17.808904 -19.567156 1.483248 248.551832
17.818909 -19.567262 1.483142 248.701800
17.828914 -19.567405 1.483019 248.851731
17.838919 -19.567590 1.482878 249.001621
17.848924 -19.567821 1.482722 249.151464
17.858929 -19.568104 1.482548 249.301256
17.868934 -19.568444 1.482358 249.450992
17.878939 -19.568845 1.482152 249.600666
17.888944 -19.569311 1.481929 249.750275
17.898949 -19.569848 1.481690 249.899815
17.908954 -19.570460 1.481435 250.049279
17.918959 -19.571150 1.481164 250.198666
17.928964 -19.571924 1.480877 250.347970
17.938969 -19.572783 1.480574 250.497188
17.948974 -19.573734 1.480256 250.646315
17.958979 -19.574777 1.479923 250.795350
17.968984 -19.575918 1.479575 250.944288
17.978989 -19.577160 1.479211 251.093126
17.988994 -19.578504 1.478833 251.241862
17.998999 -19.579955 1.478440 251.390492
18.009005 -19.581514 1.478033 251.539014
18.019010 -19.583184 1.477611 251.687426
18.029015 -19.584967 1.477176 251.835725
18.039020 -19.586865 1.476726 251.983909
18.049025 -19.588881 1.476263 252.131977
18.059030 -19.591016 1.475787 252.279926
18.069035 -19.593271 1.475297 252.427756
18.079040 -19.595648 1.474794 252.575465
18.089045 -19.598148 1.474279 252.723051
18.099050 -19.600773 1.473750 252.870514
18.109055 -19.603522 1.473210 253.017852
18.119060 -19.606397 1.472657 253.165065
18.129065 -19.609399 1.472092 253.312153
18.139070 -19.612528 1.471515 253.459114
18.149075 -19.615784 1.470927 253.605949
18.159080 -19.619168 1.470327 253.752657
18.169085 -19.622680 1.469716 253.899238
18.179090 -19.626319 1.469094 254.045693
18.189095 -19.630086 1.468461 254.192020
18.199100 -19.633981 1.467818 254.338222
18.209105 -19.638003 1.467164 254.484296
18.219110 -19.642151 1.466500 254.630246
18.229115 -19.646426 1.465827 254.776070
18.239120 -19.650826 1.465143 254.921769
18.249125 -19.655351 1.464450 255.067344
18.259130 -19.660001 1.463747 255.212796
18.269135 -19.664774 1.463035 255.358126
18.279140 -19.669670 1.462314 255.503334
18.289145 -19.674688 1.461584 255.648421
18.299150 -19.679826 1.460846 255.793389
18.309155 -19.685084 1.460098 255.938238
18.319160 -19.690461 1.459343 256.082969
18.329165 -19.695956 1.458580 256.227584
18.339170 -19.701567 1.457808 256.372084
18.349175 -19.707293 1.457029 256.516470
18.359180 -19.713134 1.456242 256.660743
18.369185 -19.719087 1.455447 256.804904
18.379190 -19.725152 1.454645 256.948955
18.389195 -19.731327 1.453836 257.092897
18.399200 -19.737611 1.453020 257.236732
18.409205 -19.744003 1.452197 257.380460
18.419210 -19.750501 1.451367 257.524083
18.429215 -19.757104 1.450531 257.667603
18.439220 -19.763811 1.449688 257.811020
18.449225 -19.770621 1.448839 257.954336
18.459230 -19.777531 1.447983 258.097553
18.469235 -19.784540 1.447122 258.240672
18.479240 -19.791648 1.446255 258.383694
18.489245 -19.798853 1.445382 258.526621
18.499250 -19.806154 1.444503 258.669453
18.509255 -19.813548 1.443619 258.812194
18.519260 -19.821035 1.442729 258.954843
18.529265 -19.828614 1.441834 259.097402
18.539270 -19.836283 1.440934 259.239873
18.549275 -19.844040 1.440028 259.382256
18.559280 -19.851885 1.439118 259.524554
18.569285 -19.859816 1.438203 259.666768
18.579290 -19.867832 1.437283 259.808898
18.589295 -19.875932 1.436358 259.950946
18.599300 -19.884113 1.435429 260.092914
18.609305 -19.892376 1.434496 260.234803
18.619310 -19.900718 1.433558 260.376614
18.629315 -19.909139 1.432616 260.518348
18.639320 -19.917637 1.431670 260.660007
18.649325 -19.926211 1.430719 260.801592
18.659330 -19.934860 1.429765 260.943103
18.669335 -19.943583 1.428807 261.084543
18.679340 -19.952378 1.427845 261.225913
18.689345 -19.961245 1.426879 261.367212
18.699350 -19.970181 1.425910 261.508444
18.709355 -19.979187 1.424937 261.649609
18.719360 -19.988261 1.423961 261.790707
18.729365 -19.997402 1.422981 261.931741
18.739370 -20.006608 1.421998 262.072710
18.749375 -20.015880 1.421012 262.213617
18.759380 -20.025215 1.420022 262.354463
18.769385 -20.034613 1.419030 262.495248
18.779390 -20.044072 1.418034 262.635973
18.789395 -20.053593 1.417035 262.776639
18.799400 -20.063173 1.416034 262.917248
18.809405 -20.072812 1.415030 263.057800
18.819410 -20.082508 1.414023 263.198297
18.829415 -20.092262 1.413013 263.338739
18.839420 -20.102072 1.412001 263.479127
18.849425 -20.111937 1.410986 263.619463
18.859430 -20.121856 1.409969 263.759746
18.869435 -20.131828 1.408949 263.899978
18.879440 -20.141853 1.407927 264.040160
18.889445 -20.151930 1.406902 264.180293
18.899450 -20.162058 1.405875 264.320377
18.909455 -20.172235 1.404846 264.460414
18.919460 -20.182462 1.403815 264.600403
18.929465 -20.192738 1.402782 264.740347
18.939470 -20.203061 1.401746 264.880245
18.949475 -20.213431 1.400709 265.020099
18.959480 -20.223848 1.399670 265.159909
18.969485 -20.234310 1.398628 265.299676
18.979490 -20.244817 1.397585 265.439400
18.989495 -20.255368 1.396540 265.579083
18.999500 -20.265962 1.395494 265.718725
19.009505 -20.276600 1.394445 265.858327
19.019510 -20.287279 1.393395 265.997890
19.029515 -20.298000 1.392344 266.137413
19.039520 -20.308761 1.391290 266.276899
19.049525 -20.319563 1.390236 266.416347
19.059530 -20.330405 1.389179 266.555758
19.069535 -20.341285 1.388122 266.695132
19.079540 -20.352204 1.387062 266.834471
19.089545 -20.363161 1.386002 266.973775
19.099550 -20.374155 1.384940 267.113045
19.109555 -20.385185 1.383877 267.252280
19.119560 -20.396252 1.382813 267.391483
19.129565 -20.407355 1.381747 267.530652
19.139570 -20.418492 1.380681 267.669789
19.149575 -20.429664 1.379613 267.808895
19.159580 -20.440870 1.378544 267.947969
19.169585 -20.452110 1.377474 268.087013
19.179590 -20.463383 1.376403 268.226027
19.189595 -20.474688 1.375331 268.365010
19.199600 -20.486026 1.374258 268.503965
19.209605 -20.497395 1.373185 268.642891
19.219610 -20.508795 1.372110 268.781789
19.229615 -20.520226 1.371035 268.920659
19.239620 -20.531687 1.369958 269.059502
19.249625 -20.543179 1.368882 269.198319
19.259630 -20.554699 1.367804 269.337108
19.269635 -20.566249 1.366725 269.475872
19.279640 -20.577827 1.365646 269.614610
19.289645 -20.589434 1.364567 269.753323
19.299650 -20.601069 1.363487 269.892012
19.309655 -20.612730 1.362406 270.030676
19.319660 -20.624419 1.361324 270.169316
19.329665 -20.636135 1.360243 270.307933
19.339670 -20.647877 1.359160 270.446527
19.349675 -20.659645 1.358078 270.585098
19.359680 -20.671439 1.356995 270.723647
19.369685 -20.683258 1.355911 270.862173
19.379690 -20.695102 1.354827 271.000678
19.389695 -20.706970 1.353743 271.139162
19.399700 -20.718863 1.352659 271.277625
19.409705 -20.730780 1.351575 271.416067
19.419710 -20.742720 1.350490 271.554489
19.429715 -20.754684 1.349405 271.692890
19.439720 -20.766671 1.348320 271.831273
19.449725 -20.778681 1.347234 271.969636
19.459730 -20.790713 1.346149 272.107980
19.469735 -20.802767 1.345064 272.246305
19.479740 -20.814843 1.343979 272.384612
19.489745 -20.826940 1.342893 272.522901
19.499750 -20.839059 1.341808 272.661172
19.509755 -20.851199 1.340723 272.799425
19.519760 -20.863360 1.339637 272.937662
19.529765 -20.875541 1.338552 273.075881
19.539770 -20.887743 1.337468 273.214084
19.549775 -20.899965 1.336383 273.352270
19.559780 -20.912206 1.335298 273.490440
19.569785 -20.924467 1.334214 273.628594
19.579790 -20.936747 1.333130 273.766733
19.589795 -20.949046 1.332046 273.904856
19.599800 -20.961364 1.330963 274.042964
19.609805 -20.973701 1.329880 274.181057
19.619810 -20.986056 1.328797 274.319135
19.629815 -20.998429 1.327715 274.457199
19.639820 -21.010821 1.326634 274.595249
19.649825 -21.023229 1.325552 274.733285
19.659830 -21.035656 1.324472 274.871307
19.669835 -21.048100 1.323391 275.009316
19.679840 -21.060560 1.322312 275.147311
19.689845 -21.073038 1.321232 275.285293
19.699850 -21.085533 1.320154 275.423263
19.709855 -21.098044 1.319076 275.561219
19.719860 -21.110571 1.317999 275.699163
19.729865 -21.123115 1.316923 275.837095
19.739870 -21.135674 1.315847 275.975015
19.749875 -21.148250 1.314772 276.112923
19.759880 -21.160841 1.313698 276.250819
19.769885 -21.173447 1.312624 276.388704
19.779890 -21.186069 1.311552 276.526577
19.789895 -21.198705 1.310480 276.664440
19.799900 -21.211357 1.309409 276.802291
19.809905 -21.224024 1.308340 276.940132
19.819910 -21.236705 1.307271 277.077962
19.829915 -21.249401 1.306203 277.215781
19.839920 -21.262110 1.305136 277.353590
19.849925 -21.274835 1.304070 277.491389
19.859930 -21.287573 1.303006 277.629179
19.869935 -21.300325 1.301942 277.766958
19.879940 -21.313090 1.300880 277.904728
19.889945 -21.325870 1.299818 278.042488
19.899950 -21.338662 1.298758 278.180239
19.909955 -21.351468 1.297699 278.317981
19.919960 -21.364287 1.296642 278.455714
19.929965 -21.377120 1.295585 278.593438
19.939970 -21.389965 1.294530 278.731153
19.949975 -21.402822 1.293477 278.868860
19.959980 -21.415693 1.292424 279.006558
19.969985 -21.428576 1.291373 279.144248
19.979990 -21.441471 1.290324 279.281930
19.989995 -21.454379 1.289276 279.419603
20.000000 -21.467298 1.288229 279.557272
