t psi theta phi
0.000000 0.000000 1.047198 0.000000
0.005003 -0.020652 1.047196 0.082165
0.010005 -0.041304 1.047192 0.164330
0.015008 -0.061955 1.047186 0.246496
0.020010 -0.082606 1.047177 0.328661
0.025013 -0.103257 1.047165 0.410827
0.030015 -0.123908 1.047151 0.492994
0.035018 -0.144558 1.047134 0.575161
0.040020 -0.165208 1.047114 0.657329
0.045023 -0.185857 1.047092 0.739497
0.050025 -0.206505 1.047068 0.821667
0.055028 -0.227152 1.047040 0.903837
0.060030 -0.247798 1.047011 0.986009
0.065033 -0.268444 1.046978 1.068181
0.070035 -0.289088 1.046944 1.150355
0.075038 -0.309732 1.046906 1.232530
0.080040 -0.330374 1.046866 1.314707
0.085043 -0.351014 1.046824 1.396885
0.090045 -0.371654 1.046779 1.479065
0.095048 -0.392292 1.046732 1.561247
0.100050 -0.412928 1.046682 1.643430
0.105053 -0.433563 1.046630 1.725616
0.110055 -0.454196 1.046576 1.807803
0.115058 -0.474827 1.046519 1.889993
0.120060 -0.495457 1.046459 1.972184
0.125063 -0.516085 1.046398 2.054378
0.130065 -0.536710 1.046334 2.136574
0.135068 -0.557334 1.046267 2.218773
0.140070 -0.577955 1.046199 2.300974
0.145073 -0.598575 1.046128 2.383178
0.150075 -0.619192 1.046055 2.465385
0.155078 -0.639807 1.045980 2.547594
0.160080 -0.660419 1.045902 2.629806
0.165083 -0.681029 1.045823 2.712021
0.170085 -0.701636 1.045741 2.794239
0.175088 -0.722241 1.045657 2.876460
0.180090 -0.742843 1.045571 2.958685
0.185093 -0.763443 1.045483 3.040912
0.190095 -0.784040 1.045393 3.123143
0.195098 -0.804634 1.045301 3.205378
0.200100 -0.825224 1.045207 3.287615
0.205103 -0.845813 1.045112 3.369857
0.210105 -0.866398 1.045014 3.452102
0.215108 -0.886979 1.044914 3.534350
0.220110 -0.907558 1.044813 3.616602
0.225113 -0.928134 1.044710 3.698859
0.230115 -0.948706 1.044605 3.781119
0.235118 -0.969276 1.044499 3.863382
0.240120 -0.989841 1.044390 3.945650
0.245123 -1.010404 1.044281 4.027922
0.250125 -1.030963 1.044169 4.110198
0.255128 -1.051518 1.044056 4.192478
0.260130 -1.072071 1.043942 4.274763
0.265133 -1.092619 1.043826 4.357051
0.270135 -1.113164 1.043708 4.439344
0.275138 -1.133705 1.043589 4.521642
0.280140 -1.154243 1.043469 4.603943
0.285143 -1.174777 1.043348 4.686250
0.290145 -1.195307 1.043225 4.768560
0.295148 -1.215833 1.043101 4.850876
0.300150 -1.236356 1.042976 4.933196
0.305153 -1.256874 1.042850 5.015520
0.310155 -1.277389 1.042722 5.097849
0.315158 -1.297900 1.042594 5.180183
0.320160 -1.318407 1.042464 5.262522
0.325163 -1.338910 1.042334 5.344865
0.330165 -1.359409 1.042203 5.427213
0.335168 -1.379904 1.042070 5.509566
0.340170 -1.400394 1.041937 5.591924
0.345173 -1.420881 1.041803 5.674287
0.350175 -1.441364 1.041669 5.756654
0.355178 -1.461843 1.041534 5.839027
0.360180 -1.482317 1.041398 5.921405
0.365183 -1.502787 1.041261 6.003787
0.370185 -1.523254 1.041124 6.086175
0.375188 -1.543716 1.040986 6.168567
0.380190 -1.564174 1.040848 6.250965
0.385193 -1.584627 1.040710 6.333367
0.390195 -1.605077 1.040571 6.415775
0.395198 -1.625522 1.040432 6.498188
0.400200 -1.645963 1.040292 6.580606
0.405203 -1.666400 1.040153 6.663028
0.410205 -1.686833 1.040013 6.745456
0.415208 -1.707261 1.039873 6.827889
0.420210 -1.727685 1.039733 6.910328
0.425213 -1.748105 1.039593 6.992771
0.430215 -1.768521 1.039453 7.075219
0.435218 -1.788933 1.039313 7.157672
0.440220 -1.809340 1.039173 7.240131
0.445223 -1.829744 1.039033 7.322594
0.450225 -1.850143 1.038893 7.405062
0.455228 -1.870538 1.038754 7.487536
0.460230 -1.890929 1.038615 7.570014
0.465233 -1.911315 1.038476 7.652498
0.470235 -1.931698 1.038338 7.734987
0.475238 -1.952076 1.038200 7.817480
0.480240 -1.972450 1.038063 7.899978
0.485243 -1.992821 1.037926 7.982482
0.490245 -2.013187 1.037790 8.064990
0.495248 -2.033549 1.037654 8.147503
0.500250 -2.053907 1.037519 8.230021
0.505253 -2.074261 1.037385 8.312544
0.510255 -2.094612 1.037251 8.395072
0.515258 -2.114958 1.037118 8.477604
0.520260 -2.135300 1.036986 8.560141
0.525263 -2.155639 1.036855 8.642683
0.530265 -2.175973 1.036725 8.725229
0.535268 -2.196304 1.036596 8.807780
0.540270 -2.216631 1.036468 8.890336
0.545273 -2.236954 1.036341 8.972896
0.550275 -2.257274 1.036215 9.055461
0.555278 -2.277590 1.036090 9.138030
0.560280 -2.297902 1.035967 9.220604
0.565283 -2.318211 1.035844 9.303182
0.570285 -2.338516 1.035723 9.385764
0.575288 -2.358817 1.035603 9.468351
0.580290 -2.379115 1.035485 9.550942
0.585293 -2.399410 1.035368 9.633537
0.590295 -2.419701 1.035252 9.716136
0.595298 -2.439989 1.035138 9.798739
0.600300 -2.460274 1.035025 9.881347
0.605303 -2.480555 1.034914 9.963958
0.610305 -2.500833 1.034804 10.046573
0.615308 -2.521108 1.034696 10.129192
0.620310 -2.541380 1.034590 10.211815
0.625313 -2.561648 1.034485 10.294441
0.630315 -2.581914 1.034382 10.377071
0.635318 -2.602177 1.034281 10.459705
0.640320 -2.622437 1.034182 10.542342
0.645323 -2.642694 1.034084 10.624983
0.650325 -2.662948 1.033988 10.707627
0.655328 -2.683199 1.033894 10.790275
0.660330 -2.703448 1.033802 10.872926
0.665333 -2.723694 1.033712 10.955580
0.670335 -2.743938 1.033624 11.038237
0.675338 -2.764179 1.033538 11.120897
0.680340 -2.784417 1.033454 11.203560
0.685343 -2.804654 1.033372 11.286226
0.690345 -2.824887 1.033293 11.368895
0.695348 -2.845119 1.033215 11.451567
0.700350 -2.865348 1.033139 11.534241
0.705353 -2.885576 1.033066 11.616918
0.710355 -2.905801 1.032994 11.699598
0.715358 -2.926024 1.032925 11.782280
0.720360 -2.946245 1.032858 11.864964
0.725363 -2.966464 1.032794 11.947651
0.730365 -2.986682 1.032731 12.030339
0.735368 -3.006898 1.032671 12.113031
0.740370 -3.027112 1.032614 12.195724
0.745373 -3.047324 1.032558 12.278419
0.750375 -3.067535 1.032505 12.361116
0.755378 -3.087744 1.032455 12.443814
0.760380 -3.107952 1.032406 12.526515
0.765383 -3.128159 1.032360 12.609217
0.770385 -3.148364 1.032317 12.691921
0.775388 -3.168568 1.032276 12.774626
0.780390 -3.188771 1.032237 12.857333
0.785393 -3.208973 1.032201 12.940041
0.790395 -3.229174 1.032167 13.022750
0.795398 -3.249374 1.032136 13.105460
0.800400 -3.269573 1.032108 13.188171
0.805403 -3.289772 1.032081 13.270884
0.810405 -3.309969 1.032058 13.353597
0.815408 -3.330166 1.032036 13.436311
0.820410 -3.350363 1.032018 13.519025
0.825413 -3.370558 1.032002 13.601740
0.830415 -3.390754 1.031988 13.684456
0.835418 -3.410949 1.031977 13.767172
0.840420 -3.431144 1.031968 13.849889
0.845423 -3.451339 1.031962 13.932606
0.850425 -3.471533 1.031959 14.015322
0.855428 -3.491728 1.031958 14.098039
0.860430 -3.511922 1.031960 14.180756
0.865433 -3.532117 1.031964 14.263473
0.870435 -3.552311 1.031970 14.346190
0.875438 -3.572506 1.031980 14.428906
0.880440 -3.592701 1.031991 14.511623
0.885443 -3.612897 1.032006 14.594338
0.890445 -3.633093 1.032023 14.677053
0.895448 -3.653290 1.032042 14.759768
0.900450 -3.673487 1.032064 14.842481
0.905453 -3.693685 1.032088 14.925194
0.910455 -3.713883 1.032115 15.007906
0.915458 -3.734082 1.032145 15.090617
0.920460 -3.754283 1.032177 15.173327
0.925463 -3.774484 1.032211 15.256036
0.930465 -3.794686 1.032248 15.338743
0.935468 -3.814889 1.032287 15.421450
0.940470 -3.835094 1.032329 15.504155
0.945473 -3.855299 1.032373 15.586858
0.950475 -3.875506 1.032420 15.669560
0.955478 -3.895715 1.032469 15.752260
0.960480 -3.915925 1.032520 15.834958
0.965483 -3.936136 1.032574 15.917654
0.970485 -3.956349 1.032630 16.000349
0.975488 -3.976563 1.032688 16.083041
0.980490 -3.996779 1.032749 16.165732
0.985493 -4.016997 1.032812 16.248420
0.990495 -4.037217 1.032877 16.331106
0.995498 -4.057439 1.032944 16.413790
1.000500 -4.077663 1.033014 16.496471
1.005503 -4.097888 1.033086 16.579150
1.010505 -4.118116 1.033160 16.661826
1.015508 -4.138346 1.033236 16.744500
1.020510 -4.158578 1.033315 16.827171
1.025513 -4.178813 1.033395 16.909839
1.030515 -4.199050 1.033478 16.992504
1.035518 -4.219289 1.033562 17.075167
1.040520 -4.239531 1.033649 17.157826
1.045523 -4.259775 1.033737 17.240482
1.050525 -4.280022 1.033828 17.323135
1.055528 -4.300271 1.033920 17.405785
1.060530 -4.320524 1.034015 17.488432
1.065533 -4.340779 1.034111 17.571075
1.070535 -4.361036 1.034209 17.653715
1.075538 -4.381297 1.034309 17.736351
1.080540 -4.401561 1.034411 17.818984
1.085543 -4.421827 1.034514 17.901613
1.090545 -4.442097 1.034619 17.984238
1.095548 -4.462369 1.034726 18.066860
1.100550 -4.482645 1.034835 18.149478
1.105553 -4.502924 1.034945 18.232092
1.110555 -4.523206 1.035056 18.314702
1.115558 -4.543492 1.035169 18.397308
1.120560 -4.563781 1.035284 18.479910
1.125563 -4.584073 1.035400 18.562508
1.130565 -4.604368 1.035518 18.645102
1.135568 -4.624667 1.035636 18.727692
1.140570 -4.644970 1.035757 18.810277
1.145573 -4.665276 1.035878 18.892859
1.150575 -4.685586 1.036001 18.975435
1.155578 -4.705899 1.036125 19.058008
1.160580 -4.726216 1.036250 19.140576
1.165583 -4.746536 1.036376 19.223139
1.170585 -4.766861 1.036504 19.305698
1.175588 -4.787189 1.036632 19.388253
1.180590 -4.807521 1.036761 19.470802
1.185593 -4.827856 1.036892 19.553348
1.190595 -4.848196 1.037023 19.635888
1.195598 -4.868539 1.037155 19.718424
1.200600 -4.888887 1.037288 19.800955
1.205603 -4.909238 1.037422 19.883481
1.210605 -4.929593 1.037557 19.966003
1.215608 -4.949952 1.037692 20.048519
1.220610 -4.970316 1.037828 20.131031
1.225613 -4.990683 1.037964 20.213538
1.230615 -5.011054 1.038101 20.296040
1.235618 -5.031430 1.038239 20.378537
1.240620 -5.051809 1.038377 20.461029
1.245623 -5.072193 1.038515 20.543516
1.250625 -5.092581 1.038654 20.625998
1.255628 -5.112973 1.038793 20.708476
1.260630 -5.133369 1.038932 20.790948
1.265633 -5.153769 1.039072 20.873415
1.270635 -5.174174 1.039212 20.955877
1.275638 -5.194582 1.039352 21.038334
1.280640 -5.214995 1.039492 21.120786
1.285643 -5.235412 1.039632 21.203232
1.290645 -5.255833 1.039772 21.285674
1.295648 -5.276259 1.039912 21.368111
1.300650 -5.296688 1.040052 21.450542
1.305653 -5.317122 1.040192 21.532969
1.310655 -5.337560 1.040331 21.615390
1.315658 -5.358003 1.040471 21.697807
1.320660 -5.378449 1.040610 21.780218
1.325663 -5.398900 1.040749 21.862624
1.330665 -5.419355 1.040887 21.945025
1.335668 -5.439814 1.041025 22.027422
1.340670 -5.460277 1.041162 22.109813
1.345673 -5.480744 1.041299 22.192199
1.350675 -5.501216 1.041436 22.274580
1.355678 -5.521691 1.041571 22.356956
1.360680 -5.542171 1.041707 22.439328
1.365683 -5.562655 1.041841 22.521694
1.370685 -5.583143 1.041975 22.604055
1.375688 -5.603635 1.042107 22.686412
1.380690 -5.624131 1.042239 22.768763
1.385693 -5.644631 1.042370 22.851110
1.390695 -5.665135 1.042501 22.933452
1.395698 -5.685643 1.042630 23.015790
1.400700 -5.706155 1.042758 23.098122
1.405703 -5.726671 1.042885 23.180450
1.410705 -5.747191 1.043011 23.262773
1.415708 -5.767714 1.043136 23.345092
1.420710 -5.788242 1.043259 23.427406
1.425713 -5.808773 1.043382 23.509715
1.430715 -5.829308 1.043503 23.592020
1.435718 -5.849846 1.043623 23.674321
1.440720 -5.870389 1.043741 23.756617
1.445723 -5.890934 1.043858 23.838908
1.450725 -5.911484 1.043974 23.921196
1.455728 -5.932037 1.044088 24.003479
1.460730 -5.952594 1.044200 24.085758
1.465733 -5.973154 1.044311 24.168033
1.470735 -5.993717 1.044421 24.250304
1.475738 -6.014284 1.044529 24.332571
1.480740 -6.034854 1.044635 24.414833
1.485743 -6.055427 1.044739 24.497092
1.490745 -6.076004 1.044842 24.579347
1.495748 -6.096583 1.044942 24.661598
1.500750 -6.117166 1.045041 24.743846
1.505753 -6.137752 1.045139 24.826090
1.510755 -6.158341 1.045234 24.908330
1.515758 -6.178933 1.045327 24.990567
1.520760 -6.199527 1.045418 25.072800
1.525763 -6.220125 1.045508 25.155030
1.530765 -6.240725 1.045595 25.237257
1.535768 -6.261328 1.045681 25.319481
1.540770 -6.281934 1.045764 25.401701
1.545773 -6.302542 1.045845 25.483918
1.550775 -6.323152 1.045924 25.566132
1.555778 -6.343765 1.046001 25.648344
1.560780 -6.364381 1.046075 25.730552
1.565783 -6.384999 1.046148 25.812758
1.570785 -6.405619 1.046218 25.894961
1.575788 -6.426241 1.046286 25.977162
1.580790 -6.446865 1.046352 26.059360
1.585793 -6.467491 1.046415 26.141555
1.590795 -6.488119 1.046476 26.223748
1.595798 -6.508749 1.046535 26.305939
1.600800 -6.529381 1.046591 26.388128
1.605803 -6.550015 1.046645 26.470315
1.610805 -6.570650 1.046696 26.552500
1.615808 -6.591287 1.046745 26.634683
1.620810 -6.611925 1.046792 26.716864
1.625813 -6.632565 1.046836 26.799043
1.630815 -6.653206 1.046878 26.881221
1.635818 -6.673849 1.046917 26.963398
1.640820 -6.694492 1.046953 27.045572
1.645823 -6.715137 1.046988 27.127746
1.650825 -6.735783 1.047019 27.209918
1.655828 -6.756429 1.047048 27.292090
1.660830 -6.777077 1.047075 27.374260
1.665833 -6.797725 1.047099 27.456429
1.670835 -6.818374 1.047120 27.538597
1.675838 -6.839024 1.047139 27.620765
1.680840 -6.859674 1.047155 27.702932
1.685843 -6.880325 1.047169 27.785098
1.690845 -6.900976 1.047180 27.867264
1.695848 -6.921628 1.047188 27.949430
1.700850 -6.942279 1.047194 28.031595
1.705853 -6.962931 1.047197 28.113760
1.710855 -6.983583 1.047197 28.195925
1.715858 -7.004235 1.047195 28.278090
1.720860 -7.024886 1.047191 28.360255
1.725863 -7.045538 1.047184 28.442421
1.730865 -7.066189 1.047174 28.524586
1.735868 -7.086840 1.047161 28.606752
1.740870 -7.107490 1.047146 28.688919
1.745873 -7.128140 1.047129 28.771086
1.750875 -7.148790 1.047108 28.853254
1.755878 -7.169438 1.047086 28.935423
1.760880 -7.190086 1.047060 29.017593
1.765883 -7.210733 1.047032 29.099764
1.770885 -7.231380 1.047002 29.181935
1.775888 -7.252025 1.046969 29.264108
1.780890 -7.272669 1.046933 29.346283
1.785893 -7.293312 1.046895 29.428458
1.790895 -7.313953 1.046855 29.510636
1.795898 -7.334594 1.046812 29.592814
1.800900 -7.355233 1.046766 29.674995
1.805903 -7.375870 1.046718 29.757177
1.810905 -7.396506 1.046668 29.839361
1.815908 -7.417141 1.046615 29.921547
1.820910 -7.437773 1.046560 30.003735
1.825913 -7.458404 1.046502 30.085925
1.830915 -7.479033 1.046442 30.168117
1.835918 -7.499660 1.046380 30.250311
1.840920 -7.520285 1.046315 30.332508
1.845923 -7.540908 1.046248 30.414708
1.850925 -7.561529 1.046179 30.496910
1.855928 -7.582148 1.046108 30.579114
1.860930 -7.602765 1.046034 30.661322
1.865933 -7.623379 1.045958 30.743532
1.870935 -7.643990 1.045880 30.825745
1.875938 -7.664600 1.045800 30.907961
1.880940 -7.685206 1.045718 30.990179
1.885943 -7.705810 1.045633 31.072402
1.890945 -7.726412 1.045547 31.154627
1.895948 -7.747011 1.045458 31.236855
1.900950 -7.767606 1.045368 31.319087
1.905953 -7.788200 1.045275 31.401322
1.910955 -7.808790 1.045181 31.483561
1.915958 -7.829377 1.045085 31.565804
1.920960 -7.849961 1.044986 31.648049
1.925963 -7.870542 1.044886 31.730299
1.930965 -7.891120 1.044785 31.812552
1.935968 -7.911695 1.044681 31.894810
1.940970 -7.932266 1.044576 31.977071
1.945973 -7.952835 1.044469 32.059336
1.950975 -7.973400 1.044360 32.141605
1.955978 -7.993961 1.044250 32.223878
1.960980 -8.014519 1.044138 32.306155
1.965983 -8.035074 1.044024 32.388436
1.970985 -8.055625 1.043909 32.470722
1.975988 -8.076172 1.043793 32.553012
1.980990 -8.096716 1.043675 32.635306
1.985993 -8.117256 1.043556 32.717604
1.990995 -8.137793 1.043436 32.799907
1.995998 -8.158326 1.043314 32.882215
2.001001 -8.178855 1.043191 32.964527
2.006003 -8.199380 1.043066 33.046843
2.011006 -8.219902 1.042941 33.129164
2.016008 -8.240419 1.042814 33.211490
2.021011 -8.260933 1.042687 33.293821
2.026013 -8.281443 1.042558 33.376156
2.031016 -8.301948 1.042428 33.458496
2.036018 -8.322450 1.042297 33.540841
2.041021 -8.342948 1.042166 33.623190
2.046023 -8.363442 1.042033 33.705544
2.051026 -8.383932 1.041900 33.787904
2.056028 -8.404417 1.041766 33.870268
2.061031 -8.424899 1.041631 33.952637
2.066033 -8.445376 1.041496 34.035011
2.071036 -8.465850 1.041360 34.117390
2.076038 -8.486319 1.041223 34.199774
2.081041 -8.506784 1.041086 34.282163
2.086043 -8.527245 1.040948 34.364557
2.091046 -8.547701 1.040810 34.446956
2.096048 -8.568154 1.040671 34.529360
2.101051 -8.588602 1.040532 34.611769
2.106053 -8.609046 1.040393 34.694183
2.111056 -8.629486 1.040254 34.776602
2.116058 -8.649922 1.040114 34.859026
2.121061 -8.670354 1.039974 34.941456
2.126063 -8.690781 1.039834 35.023890
2.131066 -8.711204 1.039694 35.106330
2.136068 -8.731623 1.039554 35.188774
2.141071 -8.752037 1.039414 35.271224
2.146073 -8.772448 1.039274 35.353679
2.151076 -8.792854 1.039134 35.436138
2.156078 -8.813256 1.038994 35.518603
2.161081 -8.833654 1.038855 35.601073
2.166083 -8.854048 1.038715 35.683548
2.171086 -8.874438 1.038576 35.766028
2.176088 -8.894823 1.038438 35.848513
2.181091 -8.915205 1.038300 35.931003
2.186093 -8.935582 1.038162 36.013497
2.191096 -8.955955 1.038025 36.095997
2.196098 -8.976324 1.037888 36.178502
2.201101 -8.996689 1.037752 36.261012
2.206103 -9.017050 1.037616 36.343526
2.211106 -9.037407 1.037481 36.426045
2.216108 -9.057760 1.037347 36.508570
2.221111 -9.078109 1.037214 36.591099
2.226113 -9.098455 1.037081 36.673632
2.231116 -9.118796 1.036950 36.756171
2.236118 -9.139133 1.036819 36.838714
2.241121 -9.159467 1.036689 36.921262
2.246123 -9.179797 1.036560 37.003814
2.251126 -9.200123 1.036432 37.086371
2.256128 -9.220445 1.036306 37.168932
2.261131 -9.240763 1.036180 37.251498
2.266133 -9.261078 1.036056 37.334069
2.271136 -9.281389 1.035932 37.416644
2.276138 -9.301697 1.035810 37.499223
2.281141 -9.322001 1.035689 37.581807
2.286143 -9.342302 1.035570 37.664394
2.291146 -9.362599 1.035452 37.746986
2.296148 -9.382892 1.035335 37.829583
2.301151 -9.403183 1.035220 37.912183
2.306153 -9.423470 1.035106 37.994787
2.311156 -9.443753 1.034994 38.077396
2.316158 -9.464034 1.034883 38.160008
2.321161 -9.484311 1.034774 38.242624
2.326163 -9.504585 1.034666 38.325244
2.331166 -9.524856 1.034560 38.407868
2.336168 -9.545124 1.034456 38.490495
2.341171 -9.565389 1.034354 38.573127
2.346173 -9.585650 1.034253 38.655761
2.351176 -9.605910 1.034154 38.738400
2.356178 -9.626166 1.034057 38.821041
2.361181 -9.646419 1.033962 38.903686
2.366183 -9.666670 1.033869 38.986335
2.371186 -9.686918 1.033777 39.068987
2.376188 -9.707163 1.033688 39.151641
2.381191 -9.727406 1.033600 39.234299
2.386193 -9.747646 1.033515 39.316960
2.391196 -9.767884 1.033431 39.399624
2.396198 -9.788120 1.033350 39.482291
2.401201 -9.808353 1.033271 39.564961
2.406203 -9.828584 1.033193 39.647633
2.411206 -9.848813 1.033118 39.730309
2.416208 -9.869040 1.033046 39.812986
2.421211 -9.889264 1.032975 39.895666
2.426213 -9.909487 1.032906 39.978349
2.431216 -9.929707 1.032840 40.061034
2.436218 -9.949926 1.032776 40.143721
2.441221 -9.970143 1.032715 40.226411
2.446223 -9.990358 1.032655 40.309103
2.451226 -10.010572 1.032598 40.391796
2.456228 -10.030784 1.032543 40.474492
2.461231 -10.050994 1.032491 40.557189
2.466233 -10.071203 1.032441 40.639889
2.471236 -10.091411 1.032393 40.722590
2.476238 -10.111617 1.032348 40.805292
2.481241 -10.131822 1.032305 40.887996
2.486243 -10.152026 1.032265 40.970702
2.491246 -10.172229 1.032227 41.053409
2.496248 -10.192430 1.032192 41.136117
2.501251 -10.212631 1.032159 41.218827
2.506253 -10.232831 1.032128 41.301537
2.511256 -10.253030 1.032100 41.384249
2.516258 -10.273228 1.032074 41.466961
2.521261 -10.293425 1.032051 41.549675
2.526263 -10.313622 1.032031 41.632389
2.531266 -10.333818 1.032013 41.715104
2.536268 -10.354014 1.031997 41.797819
2.541271 -10.374209 1.031985 41.880535
2.546273 -10.394404 1.031974 41.963251
2.551276 -10.414599 1.031966 42.045968
2.556278 -10.434794 1.031961 42.128684
2.561281 -10.454988 1.031958 42.211401
2.566283 -10.475183 1.031958 42.294118
2.571286 -10.495377 1.031960 42.376835
2.576288 -10.515572 1.031965 42.459552
2.581291 -10.535766 1.031973 42.542269
2.586293 -10.555961 1.031983 42.624985
2.591296 -10.576157 1.031995 42.707701
2.596298 -10.596353 1.032010 42.790417
2.601301 -10.616549 1.032028 42.873131
2.606303 -10.636745 1.032048 42.955846
2.611306 -10.656943 1.032071 43.038559
2.616308 -10.677141 1.032096 43.121272
2.621311 -10.697340 1.032123 43.203984
2.626313 -10.717539 1.032153 43.286694
2.631316 -10.737740 1.032186 43.369404
2.636318 -10.757941 1.032221 43.452112
2.641321 -10.778144 1.032259 43.534820
2.646323 -10.798347 1.032299 43.617525
2.651326 -10.818552 1.032341 43.700230
2.656328 -10.838758 1.032386 43.782933
2.661331 -10.858965 1.032433 43.865634
2.666333 -10.879174 1.032483 43.948333
2.671336 -10.899384 1.032535 44.031031
2.676338 -10.919596 1.032589 44.113727
2.681341 -10.939809 1.032646 44.196421
2.686343 -10.960024 1.032705 44.279113
2.691346 -10.980241 1.032766 44.361803
2.696348 -11.000459 1.032830 44.444491
2.701351 -11.020680 1.032895 44.527176
2.706353 -11.040902 1.032964 44.609859
2.711356 -11.061126 1.033034 44.692540
2.716358 -11.081353 1.033106 44.775218
2.721361 -11.101581 1.033181 44.857893
2.726363 -11.121812 1.033258 44.940566
2.731366 -11.142044 1.033337 45.023236
2.736368 -11.162280 1.033418 45.105904
2.741371 -11.182517 1.033501 45.188568
2.746373 -11.202757 1.033586 45.271230
2.751376 -11.223000 1.033673 45.353888
2.756378 -11.243245 1.033762 45.436544
2.761381 -11.263492 1.033854 45.519196
2.766383 -11.283742 1.033947 45.601845
2.771386 -11.303995 1.034041 45.684490
2.776388 -11.324251 1.034138 45.767133
2.781391 -11.344510 1.034237 45.849772
2.786393 -11.364771 1.034337 45.932407
2.791396 -11.385036 1.034439 46.015039
2.796398 -11.405303 1.034543 46.097667
2.801401 -11.425573 1.034649 46.180291
2.806403 -11.445847 1.034756 46.262912
2.811406 -11.466124 1.034865 46.345529
2.816408 -11.486403 1.034976 46.428142
2.821411 -11.506687 1.035088 46.510751
2.826413 -11.526973 1.035201 46.593356
2.831416 -11.547263 1.035316 46.675957
2.836418 -11.567556 1.035433 46.758553
2.841421 -11.587852 1.035551 46.841146
2.846423 -11.608152 1.035670 46.923735
2.851426 -11.628456 1.035790 47.006319
2.856428 -11.648763 1.035912 47.088899
2.861431 -11.669073 1.036035 47.171474
2.866433 -11.689388 1.036160 47.254046
2.871436 -11.709706 1.036285 47.336612
2.876438 -11.730027 1.036412 47.419175
2.881441 -11.750353 1.036539 47.501732
2.886443 -11.770682 1.036668 47.584285
2.891446 -11.791015 1.036798 47.666834
2.896448 -11.811351 1.036928 47.749378
2.901451 -11.831692 1.037060 47.831917
2.906453 -11.852037 1.037192 47.914451
2.911456 -11.872385 1.037325 47.996981
2.916458 -11.892737 1.037459 48.079506
2.921461 -11.913094 1.037594 48.162026
2.926463 -11.933454 1.037730 48.244542
2.931466 -11.953819 1.037866 48.327052
2.936468 -11.974187 1.038002 48.409558
2.941471 -11.994560 1.038139 48.492058
2.946473 -12.014936 1.038277 48.574554
2.951476 -12.035317 1.038415 48.657044
2.956478 -12.055702 1.038554 48.739530
2.961481 -12.076091 1.038693 48.822011
2.966483 -12.096484 1.038832 48.904487
2.971486 -12.116881 1.038971 48.986957
2.976488 -12.137283 1.039111 49.069423
2.981491 -12.157688 1.039251 49.151884
2.986493 -12.178098 1.039391 49.234339
2.991496 -12.198512 1.039531 49.316790
2.996498 -12.218930 1.039671 49.399235
3.001501 -12.239353 1.039811 49.481675
3.006503 -12.259779 1.039951 49.564111
3.011506 -12.280210 1.040091 49.646541
3.016508 -12.300645 1.040231 49.728966
3.021511 -12.321084 1.040370 49.811386
3.026513 -12.341528 1.040510 49.893801
3.031516 -12.361975 1.040649 49.976211
3.036518 -12.382427 1.040787 50.058616
3.041521 -12.402883 1.040926 50.141015
3.046523 -12.423343 1.041063 50.223410
3.051526 -12.443808 1.041201 50.305800
3.056528 -12.464276 1.041337 50.388185
3.061531 -12.484749 1.041474 50.470564
3.066533 -12.505226 1.041609 50.552939
3.071536 -12.525707 1.041744 50.635309
3.076538 -12.546192 1.041878 50.717674
3.081541 -12.566681 1.042012 50.800034
3.086543 -12.587174 1.042144 50.882389
3.091546 -12.607671 1.042276 50.964740
3.096548 -12.628172 1.042407 51.047085
3.101551 -12.648677 1.042537 51.129426
3.106553 -12.669186 1.042666 51.211762
3.111556 -12.689699 1.042794 51.294093
3.116558 -12.710216 1.042920 51.376419
3.121561 -12.730737 1.043046 51.458741
3.126563 -12.751262 1.043170 51.541059
3.131566 -12.771790 1.043294 51.623371
3.136568 -12.792323 1.043416 51.705680
3.141571 -12.812858 1.043537 51.787983
3.146573 -12.833398 1.043656 51.870283
3.151576 -12.853941 1.043774 51.952577
3.156578 -12.874488 1.043891 52.034868
3.161581 -12.895039 1.044006 52.117154
3.166583 -12.915593 1.044119 52.199436
3.171586 -12.936150 1.044232 52.281714
3.176588 -12.956711 1.044342 52.363988
3.181591 -12.977276 1.044451 52.446257
3.186593 -12.997843 1.044558 52.528523
3.191596 -13.018414 1.044664 52.610785
3.196598 -13.038989 1.044768 52.693043
3.201601 -13.059566 1.044870 52.775297
3.206603 -13.080147 1.044970 52.857547
3.211606 -13.100730 1.045069 52.939793
3.216608 -13.121317 1.045165 53.022036
3.221611 -13.141907 1.045260 53.104276
3.226613 -13.162499 1.045353 53.186511
3.231616 -13.183095 1.045444 53.268744
3.236618 -13.203693 1.045532 53.350973
3.241621 -13.224294 1.045619 53.433199
3.246623 -13.244898 1.045704 53.515421
3.251626 -13.265504 1.045787 53.597641
3.256628 -13.286113 1.045867 53.679857
3.261631 -13.306724 1.045946 53.762070
3.266633 -13.327338 1.046022 53.844281
3.271636 -13.347954 1.046096 53.926489
3.276638 -13.368572 1.046168 54.008694
3.281641 -13.389193 1.046237 54.090896
3.286643 -13.409816 1.046305 54.173096
3.291646 -13.430440 1.046370 54.255293
3.296648 -13.451067 1.046432 54.337488
3.301651 -13.471696 1.046493 54.419681
3.306653 -13.492326 1.046551 54.501871
3.311656 -13.512959 1.046606 54.584059
3.316658 -13.533593 1.046659 54.666246
3.321661 -13.554229 1.046710 54.748430
3.326663 -13.574866 1.046759 54.830612
3.331666 -13.595505 1.046804 54.912793
3.336668 -13.616145 1.046848 54.994972
3.341671 -13.636786 1.046889 55.077149
3.346673 -13.657429 1.046927 55.159325
3.351676 -13.678073 1.046963 55.241500
3.356678 -13.698718 1.046997 55.323673
3.361681 -13.719364 1.047028 55.405845
3.366683 -13.740011 1.047056 55.488016
3.371686 -13.760659 1.047082 55.570186
3.376688 -13.781307 1.047105 55.652355
3.381691 -13.801956 1.047125 55.734523
3.386693 -13.822606 1.047144 55.816690
3.391696 -13.843257 1.047159 55.898857
3.396698 -13.863907 1.047172 55.981023
3.401701 -13.884559 1.047182 56.063189
3.406703 -13.905210 1.047190 56.145355
3.411706 -13.925862 1.047195 56.227520
3.416708 -13.946514 1.047197 56.309685
3.421711 -13.967165 1.047197 56.391850
3.426713 -13.987817 1.047194 56.474015
3.431716 -14.008469 1.047189 56.556180
3.436718 -14.029120 1.047181 56.638346
3.441721 -14.049772 1.047170 56.720512
3.446723 -14.070422 1.047157 56.802678
3.451726 -14.091073 1.047142 56.884845
3.456728 -14.111722 1.047123 56.967012
3.461731 -14.132372 1.047102 57.049180
3.466733 -14.153020 1.047079 57.131349
3.471736 -14.173668 1.047053 57.213519
3.476738 -14.194315 1.047024 57.295690
3.481741 -14.214960 1.046993 57.377862
3.486743 -14.235605 1.046959 57.460036
3.491746 -14.256249 1.046923 57.542211
3.496748 -14.276892 1.046884 57.624387
3.501751 -14.297533 1.046843 57.706564
3.506753 -14.318173 1.046799 57.788743
3.511756 -14.338812 1.046753 57.870924
3.516758 -14.359449 1.046704 57.953107
3.521761 -14.380084 1.046653 58.035291
3.526763 -14.400718 1.046600 58.117478
3.531766 -14.421350 1.046544 58.199666
3.536768 -14.441981 1.046486 58.281857
3.541771 -14.462609 1.046425 58.364050
3.546773 -14.483236 1.046362 58.446245
3.551776 -14.503860 1.046297 58.528443
3.556778 -14.524483 1.046229 58.610643
3.561781 -14.545103 1.046159 58.692845
3.566783 -14.565721 1.046087 58.775051
3.571786 -14.586337 1.046013 58.857259
3.576788 -14.606950 1.045937 58.939470
3.581791 -14.627561 1.045858 59.021683
3.586793 -14.648170 1.045777 59.103900
3.591796 -14.668776 1.045694 59.186120
3.596798 -14.689379 1.045609 59.268343
3.601801 -14.709980 1.045522 59.350569
3.606803 -14.730578 1.045433 59.432799
3.611806 -14.751173 1.045342 59.515031
3.616808 -14.771765 1.045249 59.597268
3.621811 -14.792355 1.045154 59.679507
3.626813 -14.812941 1.045057 59.761751
3.631816 -14.833524 1.044959 59.843998
3.636818 -14.854105 1.044858 59.926248
3.641821 -14.874682 1.044756 60.008503
3.646823 -14.895256 1.044652 60.090761
3.651826 -14.915826 1.044546 60.173023
3.656828 -14.936393 1.044438 60.255289
3.661831 -14.956957 1.044329 60.337559
3.666833 -14.977518 1.044219 60.419833
3.671836 -14.998075 1.044106 60.502112
3.676838 -15.018629 1.043992 60.584394
3.681841 -15.039179 1.043877 60.666681
3.686843 -15.059725 1.043760 60.748972
3.691846 -15.080268 1.043642 60.831268
3.696848 -15.100807 1.043523 60.913567
3.701851 -15.121343 1.043402 60.995872
3.706853 -15.141875 1.043280 61.078180
3.711856 -15.162403 1.043156 61.160494
3.716858 -15.182927 1.043031 61.242811
3.721861 -15.203447 1.042906 61.325134
3.726863 -15.223964 1.042779 61.407461
3.731866 -15.244476 1.042651 61.489793
3.736868 -15.264985 1.042522 61.572129
3.741871 -15.285490 1.042392 61.654470
3.746873 -15.305990 1.042261 61.736816
3.751876 -15.326487 1.042129 61.819167
3.756878 -15.346980 1.041996 61.901523
3.761881 -15.367468 1.041863 61.983884
3.766883 -15.387953 1.041728 62.066249
3.771886 -15.408433 1.041593 62.148620
3.776888 -15.428910 1.041458 62.230995
3.781891 -15.449382 1.041322 62.313375
3.786893 -15.469850 1.041185 62.395761
3.791896 -15.490314 1.041047 62.478151
3.796898 -15.510773 1.040909 62.560546
3.801901 -15.531229 1.040771 62.642947
3.806903 -15.551680 1.040633 62.725352
3.811906 -15.572127 1.040493 62.807763
3.816908 -15.592570 1.040354 62.890178
3.821911 -15.613009 1.040215 62.972599
3.826913 -15.633444 1.040075 63.055024
3.831916 -15.653874 1.039935 63.137455
3.836918 -15.674300 1.039795 63.219891
3.841921 -15.694722 1.039655 63.302332
3.846923 -15.715140 1.039515 63.384778
3.851926 -15.735553 1.039375 63.467229
3.856928 -15.755963 1.039235 63.549685
3.861931 -15.776368 1.039095 63.632146
3.866933 -15.796769 1.038955 63.714613
3.871936 -15.817165 1.038816 63.797084
3.876938 -15.837558 1.038676 63.879560
3.881941 -15.857947 1.038538 63.962041
3.886943 -15.878331 1.038399 64.044528
3.891946 -15.898711 1.038261 64.127019
3.896948 -15.919087 1.038123 64.209515
3.901951 -15.939459 1.037986 64.292016
3.906953 -15.959827 1.037850 64.374523
3.911956 -15.980191 1.037714 64.457034
3.916958 -16.000551 1.037579 64.539549
3.921961 -16.020907 1.037444 64.622070
3.926963 -16.041259 1.037310 64.704596
3.931966 -16.061607 1.037177 64.787126
3.936968 -16.081951 1.037045 64.869661
3.941971 -16.102291 1.036913 64.952201
3.946973 -16.122628 1.036783 65.034745
3.951976 -16.142960 1.036653 65.117294
3.956978 -16.163289 1.036524 65.199848
3.961981 -16.183614 1.036397 65.282406
3.966983 -16.203935 1.036270 65.364969
3.971986 -16.224252 1.036145 65.447536
3.976988 -16.244566 1.036021 65.530108
3.981991 -16.264876 1.035898 65.612684
3.986993 -16.285183 1.035776 65.695264
3.991996 -16.305486 1.035656 65.777849
3.996998 -16.325786 1.035537 65.860438
4.002001 -16.346082 1.035419 65.943031
4.007004 -16.366375 1.035303 66.025629
4.012006 -16.386664 1.035188 66.108230
4.017009 -16.406950 1.035075 66.190835
4.022011 -16.427233 1.034963 66.273445
4.027014 -16.447512 1.034852 66.356058
4.032016 -16.467788 1.034744 66.438676
4.037019 -16.488062 1.034637 66.521297
4.042021 -16.508332 1.034531 66.603922
4.047024 -16.528599 1.034428 66.686550
4.052026 -16.548863 1.034326 66.769182
4.057029 -16.569124 1.034225 66.851818
4.062031 -16.589382 1.034127 66.934457
4.067034 -16.609638 1.034030 67.017100
4.072036 -16.629890 1.033936 67.099746
4.077039 -16.650140 1.033843 67.182395
4.082041 -16.670387 1.033752 67.265048
4.087044 -16.690632 1.033663 67.347704
4.092046 -16.710874 1.033576 67.430362
4.097049 -16.731114 1.033491 67.513024
4.102051 -16.751351 1.033408 67.595689
4.107054 -16.771586 1.033328 67.678357
4.112056 -16.791819 1.033249 67.761027
4.117059 -16.812049 1.033172 67.843700
4.122061 -16.832277 1.033098 67.926376
4.127064 -16.852503 1.033026 68.009055
4.132066 -16.872727 1.032956 68.091736
4.137069 -16.892949 1.032888 68.174419
4.142071 -16.913170 1.032822 68.257105
4.147074 -16.933388 1.032759 68.339793
4.152076 -16.953604 1.032698 68.422483
4.157079 -16.973819 1.032639 68.505175
4.162081 -16.994032 1.032583 68.587869
4.167084 -17.014244 1.032528 68.670565
4.172086 -17.034454 1.032477 68.753263
4.177089 -17.054662 1.032427 68.835963
4.182091 -17.074869 1.032380 68.918664
4.187094 -17.095075 1.032336 69.001367
4.192096 -17.115280 1.032294 69.084072
4.197099 -17.135483 1.032254 69.166778
4.202101 -17.155686 1.032217 69.249485
4.207104 -17.175887 1.032182 69.332194
4.212106 -17.196088 1.032150 69.414904
4.217109 -17.216287 1.032120 69.497615
4.222111 -17.236486 1.032093 69.580326
4.227114 -17.256684 1.032068 69.663039
4.232116 -17.276881 1.032045 69.745753
4.237119 -17.297078 1.032026 69.828467
4.242121 -17.317274 1.032008 69.911182
4.247124 -17.337469 1.031994 69.993898
4.252126 -17.357665 1.031981 70.076613
4.257129 -17.377860 1.031972 70.159330
4.262131 -17.398054 1.031965 70.242047
4.267134 -17.418249 1.031960 70.324763
4.272136 -17.438443 1.031958 70.407480
4.277139 -17.458638 1.031958 70.490197
4.282141 -17.478832 1.031962 70.572914
4.287144 -17.499027 1.031967 70.655631
4.292146 -17.519222 1.031975 70.738348
4.297149 -17.539417 1.031986 70.821064
4.302151 -17.559612 1.031999 70.903780
4.307154 -17.579808 1.032015 70.986495
4.312156 -17.600004 1.032033 71.069210
4.317159 -17.620201 1.032054 71.151924
4.322161 -17.640399 1.032077 71.234637
4.327164 -17.660597 1.032103 71.317349
4.332166 -17.680796 1.032131 71.400061
4.337169 -17.700996 1.032162 71.482771
4.342171 -17.721197 1.032195 71.565481
4.347174 -17.741398 1.032231 71.648189
4.352176 -17.761601 1.032269 71.730896
4.357179 -17.781805 1.032310 71.813601
4.362181 -17.802010 1.032353 71.896305
4.367184 -17.822217 1.032399 71.979007
4.372186 -17.842424 1.032447 72.061708
4.377189 -17.862633 1.032497 72.144407
4.382191 -17.882844 1.032550 72.227105
4.387194 -17.903056 1.032605 72.309800
4.392196 -17.923270 1.032662 72.392493
4.397199 -17.943485 1.032722 72.475185
4.402201 -17.963703 1.032784 72.557874
4.407204 -17.983922 1.032848 72.640561
4.412206 -18.004142 1.032914 72.723246
4.417209 -18.024365 1.032983 72.805928
4.422211 -18.044590 1.033054 72.888608
4.427214 -18.064817 1.033127 72.971286
4.432216 -18.085046 1.033202 73.053960
4.437219 -18.105277 1.033280 73.136632
4.442221 -18.125511 1.033359 73.219302
4.447224 -18.145747 1.033441 73.301968
4.452226 -18.165985 1.033525 73.384632
4.457229 -18.186225 1.033610 73.467293
4.462231 -18.206469 1.033698 73.549950
4.467234 -18.226714 1.033788 73.632605
4.472236 -18.246963 1.033879 73.715256
4.477239 -18.267214 1.033973 73.797904
4.482241 -18.287467 1.034068 73.880549
4.487244 -18.307724 1.034166 73.963190
4.492246 -18.327983 1.034265 74.045828
4.497249 -18.348246 1.034366 74.128462
4.502251 -18.368511 1.034468 74.211093
4.507254 -18.388779 1.034573 74.293720
4.512256 -18.409050 1.034679 74.376344
4.517259 -18.429325 1.034786 74.458963
4.522261 -18.449602 1.034896 74.541579
4.527264 -18.469883 1.035007 74.624191
4.532266 -18.490167 1.035119 74.706799
4.537269 -18.510454 1.035233 74.789403
4.542271 -18.530745 1.035349 74.872002
4.547274 -18.551039 1.035465 74.954598
4.552276 -18.571337 1.035584 75.037190
4.557279 -18.591637 1.035703 75.119777
4.562281 -18.611942 1.035824 75.202360
4.567284 -18.632250 1.035946 75.284939
4.572286 -18.652562 1.036070 75.367513
4.577289 -18.672877 1.036195 75.450083
4.582291 -18.693196 1.036320 75.532649
4.587294 -18.713519 1.036447 75.615209
4.592296 -18.733845 1.036575 75.697766
4.597299 -18.754175 1.036704 75.780318
4.602301 -18.774509 1.036834 75.862865
4.607304 -18.794847 1.036965 75.945408
4.612306 -18.815189 1.037097 76.027945
4.617309 -18.835534 1.037229 76.110479
4.622311 -18.855884 1.037363 76.193007
4.627314 -18.876237 1.037497 76.275531
4.632316 -18.896595 1.037632 76.358049
4.637319 -18.916956 1.037767 76.440563
4.642321 -18.937322 1.037904 76.523072
4.647324 -18.957692 1.038040 76.605577
4.652326 -18.978065 1.038178 76.688076
4.657329 -18.998443 1.038316 76.770570
4.662331 -19.018825 1.038454 76.853059
4.667334 -19.039211 1.038592 76.935544
4.672336 -19.059601 1.038731 77.018023
4.677339 -19.079995 1.038871 77.100497
4.682341 -19.100394 1.039010 77.182967
4.687344 -19.120796 1.039150 77.265431
4.692346 -19.141203 1.039290 77.347890
4.697349 -19.161614 1.039430 77.430344
4.702351 -19.182029 1.039570 77.512793
4.707354 -19.202448 1.039710 77.595237
4.712356 -19.222872 1.039850 77.677676
4.717359 -19.243300 1.039990 77.760110
4.722361 -19.263732 1.040130 77.842539
4.727364 -19.284168 1.040270 77.924962
4.732366 -19.304608 1.040409 78.007381
4.737369 -19.325053 1.040548 78.089795
4.742371 -19.345502 1.040687 78.172203
4.747374 -19.365955 1.040826 78.254607
4.752376 -19.386412 1.040964 78.337005
4.757379 -19.406873 1.041102 78.419398
4.762381 -19.427339 1.041239 78.501787
4.767384 -19.447809 1.041375 78.584170
4.772386 -19.468282 1.041512 78.666548
4.777389 -19.488760 1.041647 78.748922
4.782391 -19.509242 1.041782 78.831290
4.787394 -19.529729 1.041916 78.913654
4.792396 -19.550219 1.042049 78.996013
4.797399 -19.570713 1.042181 79.078366
4.802401 -19.591211 1.042313 79.160715
4.807404 -19.611714 1.042443 79.243059
4.812406 -19.632220 1.042573 79.325399
4.817409 -19.652730 1.042701 79.407733
4.822411 -19.673244 1.042829 79.490063
4.827414 -19.693762 1.042955 79.572389
4.832416 -19.714284 1.043081 79.654709
4.837419 -19.734810 1.043205 79.737025
4.842421 -19.755339 1.043328 79.819337
4.847424 -19.775873 1.043450 79.901644
4.852426 -19.796410 1.043570 79.983946
4.857429 -19.816950 1.043689 80.066244
4.862431 -19.837495 1.043807 80.148538
4.867434 -19.858042 1.043923 80.230827
4.872436 -19.878594 1.044038 80.313112
4.877439 -19.899149 1.044151 80.395393
4.882441 -19.919707 1.044263 80.477670
4.887444 -19.940269 1.044373 80.559942
4.892446 -19.960835 1.044481 80.642211
4.897449 -19.981403 1.044588 80.724475
4.902451 -20.001975 1.044693 80.806736
4.907454 -20.022550 1.044796 80.888993
4.912456 -20.043129 1.044898 80.971246
4.917459 -20.063710 1.044998 81.053495
4.922461 -20.084295 1.045096 81.135740
4.927464 -20.104882 1.045192 81.217982
4.932466 -20.125473 1.045286 81.300221
4.937469 -20.146066 1.045378 81.382455
4.942471 -20.166662 1.045469 81.464687
4.947474 -20.187261 1.045557 81.546915
4.952476 -20.207863 1.045643 81.629140
4.957479 -20.228467 1.045727 81.711362
4.962481 -20.249074 1.045809 81.793580
4.967484 -20.269684 1.045889 81.875796
4.972486 -20.290296 1.045967 81.958008
4.977489 -20.310910 1.046043 82.040218
4.982491 -20.331527 1.046116 82.122425
4.987494 -20.352146 1.046187 82.204629
4.992496 -20.372767 1.046256 82.286831
4.997499 -20.393391 1.046323 82.369030
5.002501 -20.414016 1.046387 82.451227
5.007504 -20.434643 1.046449 82.533421
5.012506 -20.455273 1.046509 82.615613
5.017509 -20.475904 1.046566 82.697803
5.022511 -20.496536 1.046621 82.779991
5.027514 -20.517171 1.046674 82.862176
5.032516 -20.537807 1.046724 82.944360
5.037519 -20.558445 1.046772 83.026542
5.042521 -20.579084 1.046817 83.108722
5.047524 -20.599725 1.046860 83.190901
5.052526 -20.620366 1.046900 83.273078
5.057529 -20.641009 1.046938 83.355253
5.062531 -20.661654 1.046973 83.437427
5.067534 -20.682299 1.047006 83.519600
5.072536 -20.702945 1.047036 83.601772
5.077539 -20.723592 1.047063 83.683942
5.082541 -20.744240 1.047088 83.766112
5.087544 -20.764889 1.047111 83.848281
5.092546 -20.785539 1.047131 83.930449
5.097549 -20.806189 1.047148 84.012616
5.102551 -20.826839 1.047163 84.094782
5.107554 -20.847490 1.047175 84.176948
5.112556 -20.868141 1.047185 84.259114
5.117559 -20.888793 1.047191 84.341280
5.122561 -20.909445 1.047196 84.423445
5.127564 -20.930096 1.047198 84.505610
5.132566 -20.950748 1.047197 84.587775
5.137569 -20.971400 1.047193 84.669940
5.142571 -20.992052 1.047187 84.752105
5.147574 -21.012703 1.047178 84.834271
5.152576 -21.033354 1.047167 84.916437
5.157579 -21.054005 1.047153 84.998603
5.162581 -21.074655 1.047137 85.080770
5.167584 -21.095304 1.047118 85.162938
5.172586 -21.115953 1.047096 85.245106
5.177589 -21.136602 1.047072 85.327276
5.182591 -21.157249 1.047045 85.409446
5.187594 -21.177896 1.047016 85.491617
5.192596 -21.198541 1.046984 85.573790
5.197599 -21.219186 1.046949 85.655963
5.202601 -21.239829 1.046912 85.738138
5.207604 -21.260472 1.046873 85.820315
5.212606 -21.281113 1.046831 85.902493
5.217609 -21.301752 1.046787 85.984672
5.222611 -21.322390 1.046740 86.066854
5.227614 -21.343027 1.046690 86.149037
5.232616 -21.363662 1.046639 86.231222
5.237619 -21.384296 1.046585 86.313409
5.242621 -21.404927 1.046528 86.395598
5.247624 -21.425557 1.046469 86.477789
5.252626 -21.446185 1.046408 86.559983
5.257629 -21.466811 1.046344 86.642179
5.262631 -21.487435 1.046278 86.724377
5.267634 -21.508057 1.046210 86.806578
5.272636 -21.528677 1.046140 86.888781
5.277639 -21.549294 1.046067 86.970987
5.282641 -21.569909 1.045992 87.053196
5.287644 -21.590522 1.045915 87.135408
5.292646 -21.611132 1.045836 87.217623
5.297649 -21.631740 1.045754 87.299840
5.302651 -21.652345 1.045671 87.382061
5.307654 -21.672948 1.045585 87.464285
5.312656 -21.693548 1.045498 87.546512
5.317659 -21.714145 1.045408 87.628742
5.322661 -21.734740 1.045316 87.710976
5.327664 -21.755331 1.045223 87.793213
5.332666 -21.775919 1.045127 87.875454
5.337669 -21.796505 1.045030 87.957698
5.342671 -21.817087 1.044931 88.039946
5.347674 -21.837667 1.044830 88.122198
5.352676 -21.858243 1.044727 88.204453
5.357679 -21.878816 1.044622 88.286713
5.362681 -21.899386 1.044516 88.368976
5.367684 -21.919952 1.044408 88.451243
5.372686 -21.940515 1.044299 88.533514
5.377689 -21.961075 1.044187 88.615790
5.382691 -21.981631 1.044075 88.698069
5.387694 -22.002183 1.043960 88.780353
5.392696 -22.022733 1.043845 88.862641
5.397699 -22.043278 1.043727 88.944933
5.402701 -22.063820 1.043609 89.027230
5.407704 -22.084358 1.043489 89.109531
5.412706 -22.104893 1.043368 89.191836
5.417709 -22.125423 1.043245 89.274146
5.422711 -22.145950 1.043121 89.356461
5.427714 -22.166473 1.042996 89.438780
5.432716 -22.186993 1.042870 89.521103
5.437719 -22.207508 1.042743 89.603432
5.442721 -22.228020 1.042615 89.685765
5.447724 -22.248527 1.042486 89.768103
5.452726 -22.269031 1.042355 89.850445
5.457729 -22.289530 1.042224 89.932793
5.462731 -22.310026 1.042092 90.015145
5.467734 -22.330517 1.041959 90.097502
5.472736 -22.351005 1.041825 90.179864
5.477739 -22.371488 1.041691 90.262231
5.482741 -22.391967 1.041556 90.344603
5.487744 -22.412443 1.041420 90.426979
5.492746 -22.432914 1.041283 90.509361
5.497749 -22.453381 1.041146 90.591748
5.502751 -22.473843 1.041009 90.674140
5.507754 -22.494302 1.040871 90.756536
5.512756 -22.514756 1.040733 90.838938
5.517759 -22.535206 1.040594 90.921345
5.522761 -22.555652 1.040455 91.003757
5.527764 -22.576094 1.040315 91.086174
5.532766 -22.596532 1.040176 91.168596
5.537769 -22.616965 1.040036 91.251023
5.542771 -22.637394 1.039896 91.333455
5.547774 -22.657819 1.039756 91.415892
5.552776 -22.678240 1.039616 91.498335
5.557779 -22.698656 1.039476 91.580782
5.562781 -22.719069 1.039336 91.663235
5.567784 -22.739477 1.039196 91.745692
5.572786 -22.759881 1.039056 91.828155
5.577789 -22.780281 1.038916 91.910622
5.582791 -22.800676 1.038777 91.993095
5.587794 -22.821068 1.038638 92.075573
5.592796 -22.841455 1.038499 92.158056
5.597799 -22.861838 1.038361 92.240543
5.602801 -22.882217 1.038223 92.323036
5.607804 -22.902592 1.038085 92.405534
5.612806 -22.922963 1.037948 92.488036
5.617809 -22.943330 1.037812 92.570544
5.622811 -22.963693 1.037676 92.653056
5.627814 -22.984052 1.037541 92.735573
5.632816 -23.004407 1.037406 92.818095
5.637819 -23.024757 1.037273 92.900622
5.642821 -23.045104 1.037140 92.983154
5.647824 -23.065447 1.037008 93.065690
5.652826 -23.085786 1.036877 93.148231
5.657829 -23.106122 1.036746 93.230777
5.662831 -23.126453 1.036617 93.313327
5.667834 -23.146781 1.036489 93.395882
5.672836 -23.167105 1.036362 93.478442
5.677839 -23.187425 1.036235 93.561006
5.682841 -23.207741 1.036110 93.643574
5.687844 -23.228054 1.035987 93.726147
5.692846 -23.248363 1.035864 93.808724
5.697849 -23.268669 1.035743 93.891306
5.702851 -23.288971 1.035623 93.973892
5.707854 -23.309270 1.035504 94.056482
5.712856 -23.329565 1.035387 94.139076
5.717859 -23.349857 1.035271 94.221675
5.722861 -23.370145 1.035156 94.304277
5.727864 -23.390430 1.035043 94.386884
5.732866 -23.410712 1.034932 94.469495
5.737869 -23.430990 1.034822 94.552109
5.742871 -23.451266 1.034714 94.634727
5.747874 -23.471538 1.034607 94.717350
5.752876 -23.491807 1.034502 94.799975
5.757879 -23.512074 1.034399 94.882605
5.762881 -23.532337 1.034297 94.965238
5.767884 -23.552597 1.034198 95.047875
5.772886 -23.572855 1.034100 95.130515
5.777889 -23.593109 1.034004 95.213159
5.782891 -23.613361 1.033910 95.295806
5.787894 -23.633610 1.033817 95.378456
5.792896 -23.653857 1.033727 95.461109
5.797899 -23.674101 1.033639 95.543766
5.802901 -23.694342 1.033552 95.626426
5.807904 -23.714581 1.033468 95.709088
5.812906 -23.734818 1.033386 95.791754
5.817909 -23.755052 1.033305 95.874422
5.822911 -23.775284 1.033227 95.957094
5.827914 -23.795514 1.033151 96.039768
5.832916 -23.815741 1.033077 96.122444
5.837919 -23.835967 1.033006 96.205123
5.842921 -23.856190 1.032936 96.287805
5.847924 -23.876412 1.032869 96.370489
5.852926 -23.896631 1.032804 96.453175
5.857929 -23.916849 1.032741 96.535864
5.862931 -23.937065 1.032681 96.618554
5.867934 -23.957280 1.032623 96.701247
5.872936 -23.977492 1.032567 96.783942
5.877939 -23.997703 1.032514 96.866639
5.882941 -24.017913 1.032463 96.949337
5.887944 -24.038121 1.032414 97.032037
5.892946 -24.058328 1.032368 97.114739
5.897949 -24.078533 1.032324 97.197443
5.902951 -24.098738 1.032282 97.280148
5.907954 -24.118941 1.032243 97.362854
5.912956 -24.139143 1.032207 97.445562
5.917959 -24.159344 1.032173 97.528271
5.922961 -24.179544 1.032141 97.610981
5.927964 -24.199743 1.032112 97.693692
5.932966 -24.219942 1.032085 97.776404
5.937969 -24.240140 1.032061 97.859117
5.942971 -24.260337 1.032040 97.941831
5.947974 -24.280533 1.032021 98.024545
5.952976 -24.300729 1.032004 98.107260
5.957979 -24.320925 1.031990 98.189976
5.962981 -24.341120 1.031978 98.272692
5.967984 -24.361315 1.031970 98.355409
5.972986 -24.381509 1.031963 98.438125
5.977989 -24.401704 1.031959 98.520842
5.982991 -24.421898 1.031958 98.603559
5.987994 -24.442093 1.031959 98.686276
5.992996 -24.462287 1.031963 98.768993
5.997999 -24.482482 1.031969 98.851710
6.003002 -24.502677 1.031978 98.934426
6.008004 -24.522872 1.031989 99.017143
6.013007 -24.543068 1.032003 99.099858
6.018009 -24.563264 1.032020 99.182573
6.023012 -24.583460 1.032039 99.265288
6.028014 -24.603657 1.032060 99.348002
6.033017 -24.623855 1.032084 99.430715
6.038019 -24.644053 1.032111 99.513427
6.043022 -24.664253 1.032140 99.596138
6.048024 -24.684453 1.032171 99.678848
6.053027 -24.704654 1.032205 99.761557
6.058029 -24.724856 1.032242 99.844265
6.063032 -24.745059 1.032281 99.926971
6.068034 -24.765263 1.032322 100.009676
6.073037 -24.785468 1.032366 100.092380
6.078039 -24.805675 1.032412 100.175082
6.083042 -24.825883 1.032460 100.257782
6.088044 -24.846093 1.032511 100.340481
6.093047 -24.866304 1.032565 100.423178
6.098049 -24.886516 1.032620 100.505872
6.103052 -24.906731 1.032678 100.588565
6.108054 -24.926947 1.032739 100.671256
6.113057 -24.947164 1.032801 100.753945
6.118059 -24.967384 1.032866 100.836631
6.123062 -24.987605 1.032933 100.919315
6.128064 -25.007829 1.033003 101.001997
6.133067 -25.028054 1.033074 101.084676
6.138069 -25.048282 1.033148 101.167353
6.143072 -25.068511 1.033224 101.250027
6.148074 -25.088743 1.033302 101.332698
6.153077 -25.108977 1.033382 101.415367
6.158079 -25.129214 1.033464 101.498033
6.163082 -25.149453 1.033548 101.580696
6.168084 -25.169694 1.033635 101.663355
6.173087 -25.189938 1.033723 101.746012
6.178089 -25.210184 1.033813 101.828666
6.183092 -25.230433 1.033905 101.911316
6.188094 -25.250685 1.033999 101.993963
6.193097 -25.270939 1.034095 102.076607
6.198099 -25.291197 1.034193 102.159247
6.203102 -25.311457 1.034293 102.241884
6.208104 -25.331720 1.034394 102.324518
6.213107 -25.351986 1.034497 102.407147
6.218109 -25.372255 1.034602 102.489773
6.223112 -25.392527 1.034709 102.572396
6.228114 -25.412803 1.034817 102.655014
6.233117 -25.433081 1.034927 102.737629
6.238119 -25.453363 1.035038 102.820240
6.243122 -25.473648 1.035151 102.902846
6.248124 -25.493936 1.035265 102.985449
6.253127 -25.514228 1.035381 103.068048
6.258129 -25.534523 1.035498 103.150642
6.263132 -25.554821 1.035617 103.233233
6.268134 -25.575123 1.035737 103.315819
6.273137 -25.595428 1.035858 103.398401
6.278139 -25.615737 1.035981 103.480978
6.283142 -25.636050 1.036105 103.563551
6.288144 -25.656366 1.036230 103.646120
6.293147 -25.676686 1.036356 103.728684
6.298149 -25.697010 1.036483 103.811244
6.303152 -25.717338 1.036611 103.893799
6.308154 -25.737669 1.036740 103.976350
6.313157 -25.758004 1.036870 104.058896
6.318159 -25.778343 1.037002 104.141437
6.323162 -25.798686 1.037134 104.223974
6.328164 -25.819032 1.037267 104.306505
6.333167 -25.839383 1.037400 104.389033
6.338169 -25.859738 1.037535 104.471555
6.343172 -25.880096 1.037670 104.554072
6.348174 -25.900459 1.037805 104.636585
6.353177 -25.920825 1.037942 104.719092
6.358179 -25.941196 1.038079 104.801595
6.363182 -25.961571 1.038216 104.884093
6.368184 -25.981950 1.038354 104.966586
6.373187 -26.002333 1.038492 105.049074
6.378189 -26.022720 1.038631 105.131557
6.383192 -26.043111 1.038770 105.214035
6.388194 -26.063507 1.038910 105.296508
6.393197 -26.083906 1.039049 105.378976
6.398199 -26.104310 1.039189 105.461438
6.403202 -26.124718 1.039329 105.543896
6.408204 -26.145130 1.039469 105.626349
6.413207 -26.165547 1.039609 105.708797
6.418209 -26.185967 1.039749 105.791239
6.423212 -26.206392 1.039889 105.873677
6.428214 -26.226821 1.040029 105.956109
6.433217 -26.247254 1.040169 106.038536
6.438219 -26.267691 1.040309 106.120959
6.443222 -26.288133 1.040448 106.203376
6.448224 -26.308579 1.040587 106.285788
6.453227 -26.329029 1.040726 106.368195
6.458229 -26.349483 1.040864 106.450597
6.463232 -26.369941 1.041002 106.532994
6.468234 -26.390404 1.041140 106.615386
6.473237 -26.410870 1.041277 106.697773
6.478239 -26.431341 1.041414 106.780155
6.483242 -26.451816 1.041549 106.862532
6.488244 -26.472295 1.041685 106.944904
6.493247 -26.492779 1.041819 107.027271
6.498249 -26.513266 1.041953 107.109633
6.503252 -26.533757 1.042086 107.191991
6.508254 -26.554253 1.042218 107.274343
6.513257 -26.574752 1.042349 107.356691
6.518259 -26.595255 1.042479 107.439033
6.523262 -26.615763 1.042609 107.521372
6.528264 -26.636274 1.042737 107.603705
6.533267 -26.656789 1.042864 107.686033
6.538269 -26.677308 1.042991 107.768357
6.543272 -26.697831 1.043116 107.850677
6.548274 -26.718358 1.043239 107.932991
6.553277 -26.738889 1.043362 108.015302
6.558279 -26.759423 1.043483 108.097607
6.563282 -26.779961 1.043603 108.179909
6.568284 -26.800503 1.043722 108.262205
6.573287 -26.821048 1.043839 108.344498
6.578289 -26.841597 1.043955 108.426786
6.583292 -26.862149 1.044069 108.509070
6.588294 -26.882705 1.044182 108.591350
6.593297 -26.903265 1.044293 108.673625
6.598299 -26.923828 1.044403 108.755897
6.603302 -26.944394 1.044511 108.838164
6.608304 -26.964963 1.044617 108.920427
6.613307 -26.985536 1.044722 109.002687
6.618309 -27.006112 1.044825 109.084943
6.623312 -27.026691 1.044926 109.167194
6.628314 -27.047274 1.045025 109.249443
6.633317 -27.067859 1.045123 109.331687
6.638319 -27.088447 1.045218 109.413928
6.643322 -27.109039 1.045312 109.496165
6.648324 -27.129633 1.045404 109.578399
6.653327 -27.150230 1.045493 109.660630
6.658329 -27.170830 1.045581 109.742857
6.663332 -27.191432 1.045667 109.825081
6.668334 -27.212037 1.045750 109.907302
6.673337 -27.232645 1.045832 109.989520
6.678339 -27.253255 1.045911 110.071734
6.683342 -27.273868 1.045988 110.153946
6.688344 -27.294483 1.046063 110.236155
6.693347 -27.315100 1.046136 110.318361
6.698349 -27.335720 1.046207 110.400565
6.703352 -27.356342 1.046275 110.482766
6.708354 -27.376966 1.046341 110.564964
6.713357 -27.397592 1.046405 110.647160
6.718359 -27.418220 1.046466 110.729354
6.723362 -27.438849 1.046525 110.811545
6.728364 -27.459481 1.046582 110.893734
6.733367 -27.480114 1.046636 110.975921
6.738369 -27.500749 1.046688 111.058107
6.743372 -27.521386 1.046738 111.140290
6.748374 -27.542024 1.046785 111.222471
6.753377 -27.562663 1.046829 111.304651
6.758379 -27.583304 1.046871 111.386829
6.763382 -27.603947 1.046911 111.469006
6.768384 -27.624590 1.046948 111.551181
6.773387 -27.645234 1.046982 111.633354
6.778389 -27.665880 1.047014 111.715527
6.783392 -27.686527 1.047044 111.797698
6.788394 -27.707174 1.047071 111.879869
6.793397 -27.727822 1.047095 111.962038
6.798399 -27.748471 1.047117 112.044206
6.803402 -27.769121 1.047136 112.126374
6.808404 -27.789771 1.047152 112.208541
6.813407 -27.810422 1.047166 112.290708
6.818409 -27.831073 1.047178 112.372874
6.823412 -27.851724 1.047187 112.455039
6.828414 -27.872376 1.047193 112.537205
6.833417 -27.893027 1.047197 112.619370
6.838419 -27.913679 1.047198 112.701535
6.843422 -27.934331 1.047196 112.783700
6.848424 -27.954983 1.047192 112.865865
6.853427 -27.975634 1.047185 112.948030
6.858429 -27.996286 1.047175 113.030196
6.863432 -28.016936 1.047163 113.112362
6.868434 -28.037587 1.047149 113.194529
6.873437 -28.058237 1.047132 113.276696
6.878439 -28.078887 1.047112 113.358864
6.883442 -28.099535 1.047089 113.441032
6.888444 -28.120183 1.047065 113.523202
6.893447 -28.140831 1.047037 113.605372
6.898449 -28.161477 1.047007 113.687544
6.903452 -28.182122 1.046974 113.769717
6.908454 -28.202766 1.046939 113.851891
6.913457 -28.223410 1.046902 113.934066
6.918459 -28.244051 1.046862 114.016243
6.923462 -28.264692 1.046819 114.098422
6.928464 -28.285331 1.046774 114.180602
6.933467 -28.305969 1.046726 114.262784
6.938469 -28.326605 1.046676 114.344967
6.943472 -28.347240 1.046624 114.427153
6.948474 -28.367873 1.046569 114.509341
6.953477 -28.388504 1.046512 114.591530
6.958479 -28.409133 1.046452 114.673722
6.963482 -28.429761 1.046390 114.755916
6.968484 -28.450386 1.046326 114.838113
6.973487 -28.471010 1.046259 114.920312
6.978489 -28.491631 1.046191 115.002513
6.983492 -28.512250 1.046120 115.084717
6.988494 -28.532867 1.046046 115.166924
6.993497 -28.553481 1.045971 115.249134
6.998499 -28.574093 1.045893 115.331346
7.003502 -28.594703 1.045813 115.413562
7.008504 -28.615310 1.045731 115.495780
7.013507 -28.635915 1.045647 115.578002
7.018509 -28.656517 1.045561 115.660227
7.023512 -28.677116 1.045473 115.742455
7.028514 -28.697712 1.045383 115.824686
7.033517 -28.718306 1.045290 115.906921
7.038519 -28.738896 1.045196 115.989159
7.043522 -28.759484 1.045100 116.071400
7.048524 -28.780069 1.045002 116.153646
7.053527 -28.800650 1.044903 116.235895
7.058529 -28.821229 1.044801 116.318148
7.063532 -28.841804 1.044698 116.400404
7.068534 -28.862376 1.044593 116.482664
7.073537 -28.882945 1.044486 116.564929
7.078539 -28.903510 1.044378 116.647197
7.083542 -28.924072 1.044268 116.729470
7.088544 -28.944631 1.044156 116.811746
7.093547 -28.965186 1.044043 116.894027
7.098549 -28.985738 1.043928 116.976312
7.103552 -29.006286 1.043812 117.058601
7.108554 -29.026830 1.043695 117.140894
7.113557 -29.047371 1.043576 117.223192
7.118559 -29.067908 1.043455 117.305494
7.123562 -29.088442 1.043334 117.387801
7.128564 -29.108972 1.043211 117.470112
7.133567 -29.129497 1.043087 117.552428
7.138569 -29.150019 1.042961 117.634748
7.143572 -29.170538 1.042835 117.717074
7.148574 -29.191052 1.042707 117.799403
7.153577 -29.211562 1.042579 117.881738
7.158579 -29.232069 1.042449 117.964077
7.163582 -29.252571 1.042319 118.046421
7.168584 -29.273070 1.042187 118.128769
7.173587 -29.293564 1.042055 118.211123
7.178589 -29.314055 1.041922 118.293481
7.183592 -29.334541 1.041788 118.375845
7.188594 -29.355023 1.041653 118.458213
7.193597 -29.375501 1.041518 118.540586
7.198599 -29.395975 1.041382 118.622964
7.203602 -29.416445 1.041245 118.705347
7.208604 -29.436911 1.041108 118.787736
7.213607 -29.457372 1.040970 118.870129
7.218609 -29.477830 1.040832 118.952527
7.223612 -29.498283 1.040694 119.034930
7.228614 -29.518732 1.040555 119.117338
7.233617 -29.539177 1.040416 119.199752
7.238619 -29.559617 1.040276 119.282170
7.243622 -29.580054 1.040137 119.364593
7.248624 -29.600486 1.039997 119.447022
7.253627 -29.620914 1.039857 119.529456
7.258629 -29.641338 1.039717 119.611894
7.263632 -29.661757 1.039577 119.694338
7.268634 -29.682173 1.039436 119.776787
7.273637 -29.702584 1.039296 119.859241
7.278639 -29.722991 1.039157 119.941700
7.283642 -29.743394 1.039017 120.024164
7.288644 -29.763792 1.038877 120.106633
7.293647 -29.784187 1.038738 120.189107
7.298649 -29.804577 1.038599 120.271586
7.303652 -29.824963 1.038460 120.354070
7.308654 -29.845345 1.038322 120.436559
7.313657 -29.865723 1.038184 120.519053
7.318659 -29.886097 1.038047 120.601552
7.323662 -29.906467 1.037910 120.684056
7.328664 -29.926833 1.037774 120.766565
7.333667 -29.947194 1.037638 120.849079
7.338669 -29.967552 1.037503 120.931597
7.343672 -29.987906 1.037369 121.014121
7.348674 -30.008255 1.037236 121.096649
7.353677 -30.028601 1.037103 121.179182
7.358679 -30.048943 1.036971 121.261719
7.363682 -30.069281 1.036840 121.344262
7.368684 -30.089615 1.036710 121.426809
7.373687 -30.109946 1.036581 121.509360
7.378689 -30.130272 1.036453 121.591917
7.383692 -30.150595 1.036326 121.674477
7.388694 -30.170914 1.036200 121.757043
7.393697 -30.191230 1.036076 121.839612
7.398699 -30.211542 1.035952 121.922186
7.403702 -30.231850 1.035830 122.004765
7.408704 -30.252154 1.035709 122.087348
7.413707 -30.272456 1.035589 122.169935
7.418709 -30.292753 1.035471 122.252526
7.423712 -30.313047 1.035354 122.335122
7.428714 -30.333338 1.035239 122.417721
7.433717 -30.353626 1.035124 122.500325
7.438719 -30.373910 1.035012 122.582933
7.443722 -30.394191 1.034901 122.665545
7.448724 -30.414468 1.034792 122.748160
7.453727 -30.434743 1.034684 122.830780
7.458729 -30.455014 1.034578 122.913403
7.463732 -30.475283 1.034473 122.996030
7.468734 -30.495548 1.034370 123.078660
7.473737 -30.515811 1.034269 123.161294
7.478739 -30.536070 1.034170 123.243932
7.483742 -30.556327 1.034073 123.326573
7.488744 -30.576581 1.033977 123.409218
7.493747 -30.596832 1.033884 123.491866
7.498749 -30.617080 1.033792 123.574517
7.503752 -30.637326 1.033702 123.657171
7.508754 -30.657569 1.033614 123.739829
7.513757 -30.677810 1.033529 123.822489
7.518759 -30.698048 1.033445 123.905153
7.523762 -30.718284 1.033363 123.987819
7.528764 -30.738518 1.033283 124.070488
7.533767 -30.758749 1.033206 124.153160
7.538769 -30.778978 1.033130 124.235835
7.543772 -30.799205 1.033057 124.318512
7.548774 -30.819430 1.032986 124.401192
7.553777 -30.839653 1.032917 124.483874
7.558779 -30.859874 1.032851 124.566559
7.563782 -30.880093 1.032786 124.649246
7.568784 -30.900311 1.032724 124.731935
7.573787 -30.920526 1.032665 124.814626
7.578789 -30.940740 1.032607 124.897320
7.583792 -30.960952 1.032552 124.980015
7.588794 -30.981163 1.032499 125.062712
7.593797 -31.001372 1.032449 125.145411
7.598799 -31.021580 1.032401 125.228112
7.603802 -31.041786 1.032355 125.310814
7.608804 -31.061991 1.032312 125.393518
7.613807 -31.082195 1.032271 125.476224
7.618809 -31.102398 1.032233 125.558930
7.623812 -31.122600 1.032197 125.641638
7.628814 -31.142801 1.032164 125.724348
7.633817 -31.163001 1.032133 125.807058
7.638819 -31.183200 1.032104 125.889769
7.643822 -31.203398 1.032078 125.972482
7.648824 -31.223596 1.032055 126.055195
7.653827 -31.243792 1.032034 126.137909
7.658829 -31.263989 1.032016 126.220624
7.663832 -31.284185 1.032000 126.303339
7.668834 -31.304380 1.031987 126.386055
7.673837 -31.324575 1.031976 126.468771
7.678839 -31.344770 1.031967 126.551488
7.683842 -31.364965 1.031962 126.634204
7.688844 -31.385159 1.031959 126.716921
7.693847 -31.405354 1.031958 126.799638
7.698849 -31.425548 1.031960 126.882355
7.703852 -31.445743 1.031964 126.965072
7.708854 -31.465937 1.031971 127.047789
7.713857 -31.486132 1.031981 127.130505
7.718859 -31.506328 1.031993 127.213221
7.723862 -31.526523 1.032008 127.295937
7.728864 -31.546719 1.032025 127.378652
7.733867 -31.566916 1.032044 127.461366
7.738869 -31.587113 1.032067 127.544080
7.743872 -31.607311 1.032091 127.626792
7.748874 -31.627510 1.032119 127.709504
7.753877 -31.647709 1.032148 127.792215
7.758879 -31.667909 1.032180 127.874925
7.763882 -31.688111 1.032215 127.957634
7.768884 -31.708313 1.032252 128.040341
7.773887 -31.728516 1.032292 128.123047
7.778889 -31.748721 1.032334 128.205752
7.783892 -31.768927 1.032378 128.288455
7.788894 -31.789134 1.032425 128.371156
7.793897 -31.809343 1.032474 128.453856
7.798899 -31.829552 1.032526 128.536554
7.803902 -31.849764 1.032580 128.619251
7.808904 -31.869977 1.032636 128.701945
7.813907 -31.890192 1.032695 128.784637
7.818909 -31.910408 1.032756 128.867327
7.823912 -31.930626 1.032819 128.950015
7.828914 -31.950846 1.032885 129.032701
7.833917 -31.971068 1.032952 129.115385
7.838919 -31.991292 1.033022 129.198066
7.843922 -32.011518 1.033094 129.280744
7.848924 -32.031746 1.033169 129.363420
7.853927 -32.051976 1.033245 129.446093
7.858929 -32.072209 1.033324 129.528764
7.863932 -32.092444 1.033405 129.611432
7.868934 -32.112681 1.033487 129.694097
7.873937 -32.132920 1.033572 129.776759
7.878939 -32.153162 1.033659 129.859418
7.883942 -32.173407 1.033748 129.942074
7.888944 -32.193654 1.033839 130.024726
7.893947 -32.213904 1.033931 130.107376
7.898949 -32.234157 1.034026 130.190022
7.903952 -32.254412 1.034122 130.272665
7.908954 -32.274670 1.034221 130.355304
7.913957 -32.294931 1.034321 130.437940
7.918959 -32.315195 1.034423 130.520573
7.923962 -32.335462 1.034526 130.603201
7.928964 -32.355732 1.034632 130.685826
7.933967 -32.376005 1.034739 130.768448
7.938969 -32.396281 1.034847 130.851065
7.943972 -32.416560 1.034958 130.933679
7.948974 -32.436843 1.035069 131.016288
7.953977 -32.457129 1.035183 131.098894
7.958979 -32.477418 1.035297 131.181496
7.963982 -32.497710 1.035414 131.264093
7.968984 -32.518006 1.035531 131.346687
7.973987 -32.538306 1.035650 131.429276
7.978989 -32.558609 1.035771 131.511861
7.983992 -32.578915 1.035892 131.594441
7.988994 -32.599225 1.036015 131.677018
7.993997 -32.619539 1.036139 131.759589
7.998999 -32.639856 1.036265 131.842157
8.004002 -32.660177 1.036391 131.924720
8.009005 -32.680502 1.036518 132.007278
8.014007 -32.700830 1.036647 132.089832
8.019010 -32.721163 1.036777 132.172382
8.024012 -32.741499 1.036907 132.254926
8.029015 -32.761839 1.037038 132.337466
8.034017 -32.782183 1.037171 132.420001
8.039020 -32.802531 1.037304 132.502532
8.044022 -32.822882 1.037438 132.585058
8.049025 -32.843238 1.037572 132.667579
8.054027 -32.863598 1.037707 132.750095
8.059030 -32.883962 1.037843 132.832606
8.064032 -32.904329 1.037980 132.915112
8.069035 -32.924701 1.038117 132.997614
8.074037 -32.945077 1.038255 133.080110
8.079040 -32.965457 1.038393 133.162602
8.084042 -32.985841 1.038531 133.245088
8.089045 -33.006230 1.038670 133.327570
8.094047 -33.026622 1.038809 133.410046
8.099050 -33.047019 1.038949 133.492518
8.104052 -33.067419 1.039088 133.574984
8.109055 -33.087824 1.039228 133.657446
8.114057 -33.108233 1.039368 133.739902
8.119060 -33.128647 1.039508 133.822353
8.124062 -33.149064 1.039648 133.904799
8.129065 -33.169486 1.039788 133.987241
8.134067 -33.189912 1.039928 134.069677
8.139070 -33.210342 1.040068 134.152108
8.144072 -33.230776 1.040208 134.234534
8.149075 -33.251215 1.040348 134.316954
8.154077 -33.271658 1.040487 134.399370
8.159080 -33.292105 1.040626 134.481781
8.164082 -33.312556 1.040765 134.564187
8.169085 -33.333011 1.040903 134.646587
8.174087 -33.353471 1.041041 134.728983
8.179090 -33.373934 1.041178 134.811373
8.184092 -33.394402 1.041315 134.893759
8.189095 -33.414874 1.041451 134.976140
8.194097 -33.435350 1.041587 135.058515
8.199100 -33.455831 1.041722 135.140886
8.204102 -33.476315 1.041856 135.223252
8.209105 -33.496803 1.041990 135.305612
8.214107 -33.517296 1.042123 135.387968
8.219110 -33.537792 1.042255 135.470319
8.224112 -33.558293 1.042386 135.552666
8.229115 -33.578797 1.042516 135.635007
8.234117 -33.599306 1.042645 135.717344
8.239120 -33.619818 1.042773 135.799676
8.244122 -33.640334 1.042900 135.882003
8.249125 -33.660855 1.043026 135.964326
8.254127 -33.681379 1.043150 136.046644
8.259130 -33.701907 1.043274 136.128957
8.264132 -33.722438 1.043396 136.211266
8.269135 -33.742973 1.043517 136.293571
8.274137 -33.763513 1.043637 136.375871
8.279140 -33.784055 1.043755 136.458166
8.284142 -33.804602 1.043872 136.540458
8.289145 -33.825151 1.043987 136.622745
8.294147 -33.845705 1.044101 136.705027
8.299150 -33.866262 1.044213 136.787306
8.304152 -33.886822 1.044324 136.869580
8.309155 -33.907386 1.044433 136.951850
8.314157 -33.927953 1.044541 137.034117
8.319160 -33.948524 1.044647 137.116379
8.324162 -33.969097 1.044751 137.198638
8.329165 -33.989674 1.044853 137.280892
8.334167 -34.010254 1.044954 137.363143
8.339170 -34.030838 1.045053 137.445390
8.344172 -34.051424 1.045150 137.527634
8.349175 -34.072013 1.045245 137.609873
8.354177 -34.092605 1.045338 137.692110
8.359180 -34.113200 1.045429 137.774343
8.364182 -34.133798 1.045518 137.856572
8.369185 -34.154398 1.045605 137.938799
8.374187 -34.175002 1.045690 138.021022
8.379190 -34.195608 1.045773 138.103242
8.384192 -34.216216 1.045854 138.185459
8.389195 -34.236827 1.045933 138.267673
8.394197 -34.257440 1.046010 138.349884
8.399200 -34.278056 1.046084 138.432092
8.404202 -34.298674 1.046156 138.514297
8.409205 -34.319294 1.046226 138.596500
8.414207 -34.339917 1.046294 138.678700
8.419210 -34.360541 1.046359 138.760898
8.424212 -34.381167 1.046422 138.843093
8.429215 -34.401796 1.046483 138.925286
8.434217 -34.422426 1.046541 139.007477
8.439220 -34.443058 1.046597 139.089666
8.444222 -34.463692 1.046651 139.171852
8.449225 -34.484328 1.046702 139.254037
8.454227 -34.504965 1.046751 139.336219
8.459230 -34.525603 1.046797 139.418400
8.464232 -34.546243 1.046841 139.500580
8.469235 -34.566884 1.046882 139.582757
8.474237 -34.587527 1.046921 139.664933
8.479240 -34.608171 1.046958 139.747108
8.484242 -34.628815 1.046991 139.829282
8.489245 -34.649461 1.047023 139.911454
8.494247 -34.670108 1.047051 139.993625
8.499250 -34.690756 1.047078 140.075795
8.504252 -34.711404 1.047101 140.157964
8.509255 -34.732053 1.047122 140.240132
8.514257 -34.752703 1.047141 140.322300
8.519260 -34.773353 1.047157 140.404467
8.524262 -34.794004 1.047170 140.486633
8.529265 -34.814655 1.047181 140.568799
8.534267 -34.835307 1.047189 140.650964
8.539270 -34.855958 1.047194 140.733130
8.544272 -34.876610 1.047197 140.815295
8.549275 -34.897262 1.047197 140.897460
8.554277 -34.917914 1.047195 140.979625
8.559280 -34.938565 1.047190 141.061790
8.564282 -34.959217 1.047183 141.143955
8.569285 -34.979868 1.047172 141.226121
8.574287 -35.000519 1.047160 141.308287
8.579290 -35.021169 1.047144 141.390454
8.584292 -35.041819 1.047126 141.472621
8.589295 -35.062468 1.047106 141.554790
8.594297 -35.083117 1.047083 141.636958
8.599300 -35.103765 1.047057 141.719128
8.604302 -35.124412 1.047029 141.801299
8.609305 -35.145058 1.046998 141.883471
8.614307 -35.165703 1.046965 141.965644
8.619310 -35.186347 1.046929 142.047819
8.624312 -35.206990 1.046891 142.129994
8.629315 -35.227631 1.046850 142.212172
8.634317 -35.248271 1.046807 142.294351
8.639320 -35.268910 1.046761 142.376531
8.644322 -35.289548 1.046713 142.458714
8.649325 -35.310183 1.046662 142.540898
8.654327 -35.330818 1.046609 142.623084
8.659330 -35.351450 1.046553 142.705272
8.664332 -35.372081 1.046495 142.787462
8.669335 -35.392709 1.046435 142.869655
8.674337 -35.413336 1.046373 142.951850
8.679340 -35.433961 1.046308 143.034047
8.684342 -35.454584 1.046240 143.116247
8.689345 -35.475205 1.046171 143.198449
8.694347 -35.495823 1.046099 143.280654
8.699350 -35.516439 1.046025 143.362861
8.704352 -35.537053 1.045949 143.445072
8.709355 -35.557665 1.045871 143.527285
8.714357 -35.578274 1.045790 143.609501
8.719360 -35.598880 1.045708 143.691721
8.724362 -35.619484 1.045623 143.773943
8.729365 -35.640085 1.045537 143.856169
8.734367 -35.660683 1.045448 143.938398
8.739370 -35.681279 1.045357 144.020630
8.744372 -35.701872 1.045264 144.102866
8.749375 -35.722461 1.045170 144.185105
8.754377 -35.743048 1.045073 144.267347
8.759380 -35.763632 1.044975 144.349594
8.764382 -35.784213 1.044875 144.431844
8.769385 -35.804790 1.044773 144.514098
8.774387 -35.825365 1.044669 144.596355
8.779390 -35.845936 1.044563 144.678617
8.784392 -35.866504 1.044456 144.760882
8.789395 -35.887068 1.044347 144.843152
8.794397 -35.907629 1.044237 144.925425
8.799400 -35.928187 1.044125 145.007703
8.804402 -35.948741 1.044011 145.089985
8.809405 -35.969292 1.043896 145.172271
8.814407 -35.989839 1.043779 145.254561
8.819410 -36.010383 1.043661 145.336856
8.824412 -36.030922 1.043542 145.419155
8.829415 -36.051459 1.043421 145.501458
8.834417 -36.071991 1.043300 145.583766
8.839420 -36.092520 1.043176 145.666079
8.844422 -36.113044 1.043052 145.748396
8.849425 -36.133565 1.042926 145.830718
8.854427 -36.154082 1.042799 145.913044
8.859430 -36.174596 1.042672 145.995375
8.864432 -36.195105 1.042543 146.077711
8.869435 -36.215610 1.042413 146.160051
8.874437 -36.236112 1.042282 146.242396
8.879440 -36.256609 1.042150 146.324746
8.884442 -36.277102 1.042018 146.407101
8.889445 -36.297592 1.041885 146.489461
8.894447 -36.318077 1.041750 146.571826
8.899450 -36.338558 1.041616 146.654196
8.904452 -36.359035 1.041480 146.736570
8.909455 -36.379508 1.041344 146.818950
8.914457 -36.399976 1.041207 146.901334
8.919460 -36.420441 1.041070 146.983724
8.924462 -36.440901 1.040932 147.066118
8.929465 -36.461358 1.040794 147.148518
8.934467 -36.481810 1.040655 147.230922
8.939470 -36.502257 1.040516 147.313332
8.944472 -36.522701 1.040377 147.395747
8.949475 -36.543141 1.040237 147.478167
8.954477 -36.563576 1.040098 147.560591
8.959480 -36.584007 1.039958 147.643021
8.964482 -36.604434 1.039818 147.725456
8.969485 -36.624856 1.039678 147.807896
8.974487 -36.645275 1.039537 147.890342
8.979490 -36.665689 1.039397 147.972792
8.984492 -36.686099 1.039257 148.055247
8.989495 -36.706505 1.039118 148.137708
8.994497 -36.726906 1.038978 148.220173
8.999500 -36.747304 1.038838 148.302643
9.004502 -36.767697 1.038699 148.385119
9.009505 -36.788086 1.038560 148.467599
9.014507 -36.808471 1.038422 148.550085
9.019510 -36.828852 1.038284 148.632575
9.024512 -36.849229 1.038146 148.715071
9.029515 -36.869602 1.038009 148.797571
9.034517 -36.889970 1.037872 148.880076
9.039520 -36.910335 1.037736 148.962587
9.044522 -36.930695 1.037601 149.045102
9.049525 -36.951052 1.037466 149.127622
9.054527 -36.971405 1.037332 149.210146
9.059530 -36.991753 1.037198 149.292676
9.064532 -37.012098 1.037066 149.375210
9.069535 -37.032439 1.036934 149.457749
9.074537 -37.052776 1.036804 149.540293
9.079540 -37.073109 1.036674 149.622841
9.084542 -37.093438 1.036545 149.705394
9.089545 -37.113764 1.036418 149.787951
9.094547 -37.134085 1.036291 149.870513
9.099550 -37.154404 1.036165 149.953080
9.104552 -37.174718 1.036041 150.035651
9.109555 -37.195029 1.035918 150.118226
9.114557 -37.215336 1.035796 150.200806
9.119560 -37.235640 1.035675 150.283390
9.124562 -37.255940 1.035556 150.365978
9.129565 -37.276236 1.035438 150.448571
9.134567 -37.296530 1.035322 150.531168
9.139570 -37.316820 1.035207 150.613768
9.144572 -37.337106 1.035093 150.696373
9.149575 -37.357389 1.034981 150.778982
9.154577 -37.377669 1.034870 150.861595
9.159580 -37.397946 1.034761 150.944211
9.164582 -37.418220 1.034654 151.026832
9.169585 -37.438490 1.034548 151.109456
9.174587 -37.458758 1.034444 151.192084
9.179590 -37.479023 1.034342 151.274716
9.184592 -37.499284 1.034242 151.357351
9.189595 -37.519543 1.034143 151.439990
9.194597 -37.539799 1.034046 151.522632
9.199600 -37.560052 1.033951 151.605277
9.204602 -37.580302 1.033858 151.687926
9.209605 -37.600550 1.033767 151.770578
9.214607 -37.620795 1.033677 151.853233
9.219610 -37.641038 1.033590 151.935892
9.224612 -37.661278 1.033505 152.018553
9.229615 -37.681515 1.033422 152.101217
9.234617 -37.701751 1.033341 152.183884
9.239620 -37.721984 1.033262 152.266554
9.244622 -37.742214 1.033185 152.349227
9.249625 -37.762443 1.033110 152.431903
9.254627 -37.782669 1.033037 152.514581
9.259630 -37.802894 1.032967 152.597261
9.264632 -37.823116 1.032899 152.679944
9.269635 -37.843336 1.032833 152.762629
9.274637 -37.863555 1.032769 152.845317
9.279640 -37.883772 1.032707 152.928007
9.284642 -37.903987 1.032648 153.010699
9.289645 -37.924200 1.032592 153.093392
9.294647 -37.944412 1.032537 153.176088
9.299650 -37.964622 1.032485 153.258786
9.304652 -37.984831 1.032435 153.341485
9.309655 -38.005038 1.032388 153.424187
9.314657 -38.025244 1.032343 153.506889
9.319660 -38.045449 1.032300 153.589594
9.324662 -38.065653 1.032260 153.672300
9.329665 -38.085856 1.032223 153.755007
9.334667 -38.106057 1.032188 153.837715
9.339670 -38.126258 1.032155 153.920425
9.344672 -38.146457 1.032125 154.003135
9.349675 -38.166656 1.032097 154.085847
9.354677 -38.186854 1.032072 154.168560
9.359680 -38.207051 1.032049 154.251273
9.364682 -38.227248 1.032029 154.333987
9.369685 -38.247444 1.032011 154.416702
9.374687 -38.267640 1.031996 154.499418
9.379690 -38.287835 1.031983 154.582133
9.384692 -38.308030 1.031973 154.664850
9.389695 -38.328225 1.031966 154.747566
9.394697 -38.348420 1.031961 154.830283
9.399700 -38.368614 1.031958 154.913000
9.404702 -38.388809 1.031958 154.995717
9.409705 -38.409003 1.031961 155.078434
9.414707 -38.429198 1.031966 155.161151
9.419710 -38.449393 1.031974 155.243868
9.424712 -38.469588 1.031984 155.326584
9.429715 -38.489783 1.031997 155.409300
9.434717 -38.509979 1.032012 155.492015
9.439720 -38.530175 1.032030 155.574730
9.444722 -38.550372 1.032050 155.657444
9.449725 -38.570569 1.032073 155.740158
9.454727 -38.590767 1.032099 155.822870
9.459730 -38.610966 1.032127 155.905582
9.464732 -38.631166 1.032157 155.988292
9.469735 -38.651366 1.032190 156.071002
9.474737 -38.671568 1.032225 156.153710
9.479740 -38.691771 1.032263 156.236417
9.484742 -38.711974 1.032303 156.319123
9.489745 -38.732179 1.032346 156.401827
9.494747 -38.752385 1.032391 156.484530
9.499750 -38.772593 1.032439 156.567231
9.504752 -38.792802 1.032489 156.649930
9.509755 -38.813012 1.032541 156.732628
9.514757 -38.833224 1.032595 156.815323
9.519760 -38.853438 1.032652 156.898017
9.524762 -38.873653 1.032712 156.980709
9.529765 -38.893870 1.032773 157.063398
9.534767 -38.914088 1.032837 157.146086
9.539770 -38.934309 1.032903 157.228771
9.544772 -38.954531 1.032972 157.311454
9.549775 -38.974756 1.033042 157.394134
9.554777 -38.994982 1.033115 157.476812
9.559780 -39.015211 1.033190 157.559487
9.564782 -39.035442 1.033267 157.642160
9.569785 -39.055675 1.033346 157.724830
9.574787 -39.075911 1.033427 157.807497
9.579790 -39.096148 1.033511 157.890161
9.584792 -39.116389 1.033596 157.972822
9.589795 -39.136631 1.033684 158.055480
9.594797 -39.156877 1.033773 158.138135
9.599800 -39.177125 1.033864 158.220787
9.604802 -39.197375 1.033957 158.303435
9.609805 -39.217628 1.034053 158.386081
9.614807 -39.237884 1.034150 158.468723
9.619810 -39.258143 1.034248 158.551361
9.624812 -39.278405 1.034349 158.633996
9.629815 -39.298670 1.034451 158.716627
9.634817 -39.318938 1.034556 158.799255
9.639820 -39.339208 1.034661 158.881879
9.644822 -39.359482 1.034769 158.964499
9.649825 -39.379759 1.034878 159.047116
9.654827 -39.400040 1.034989 159.129728
9.659830 -39.420323 1.035101 159.212337
9.664832 -39.440610 1.035214 159.294941
9.669835 -39.460900 1.035330 159.377542
9.674837 -39.481193 1.035446 159.460138
9.679840 -39.501490 1.035564 159.542730
9.684842 -39.521791 1.035684 159.625318
9.689845 -39.542095 1.035804 159.707902
9.694847 -39.562402 1.035926 159.790481
9.699850 -39.582713 1.036050 159.873056
9.704852 -39.603028 1.036174 159.955627
9.709855 -39.623346 1.036300 160.038193
9.714857 -39.643668 1.036426 160.120755
9.719860 -39.663994 1.036554 160.203312
9.724862 -39.684324 1.036683 160.285865
9.729865 -39.704657 1.036813 160.368413
9.734867 -39.724994 1.036944 160.450956
9.739870 -39.745335 1.037075 160.533495
9.744872 -39.765680 1.037208 160.616029
9.749875 -39.786029 1.037341 160.698558
9.754877 -39.806382 1.037475 160.781082
9.759880 -39.826739 1.037610 160.863602
9.764882 -39.847100 1.037745 160.946117
9.769885 -39.867465 1.037881 161.028626
9.774887 -39.887834 1.038018 161.111131
9.779890 -39.908207 1.038155 161.193631
9.784892 -39.928584 1.038293 161.276127
9.789895 -39.948965 1.038431 161.358617
9.794897 -39.969350 1.038570 161.441102
9.799900 -39.989740 1.038709 161.523582
9.804902 -40.010133 1.038848 161.606057
9.809905 -40.030531 1.038988 161.688527
9.814907 -40.050933 1.039127 161.770992
9.819910 -40.071339 1.039267 161.853452
9.824912 -40.091749 1.039407 161.935907
9.829915 -40.112164 1.039547 162.018357
9.834917 -40.132582 1.039687 162.100802
9.839920 -40.153005 1.039827 162.183242
9.844922 -40.173432 1.039967 162.265676
9.849925 -40.193864 1.040107 162.348106
9.854927 -40.214299 1.040247 162.430530
9.859930 -40.234739 1.040387 162.512950
9.864932 -40.255183 1.040526 162.595364
9.869935 -40.275631 1.040665 162.677774
9.874937 -40.296083 1.040803 162.760178
9.879940 -40.316540 1.040942 162.842577
9.884942 -40.337001 1.041079 162.924971
9.889945 -40.357465 1.041217 163.007360
9.894947 -40.377934 1.041353 163.089745
9.899950 -40.398408 1.041489 163.172124
9.904952 -40.418885 1.041625 163.254498
9.909955 -40.439366 1.041760 163.336867
9.914957 -40.459852 1.041894 163.419232
9.919960 -40.480341 1.042027 163.501591
9.924962 -40.500835 1.042160 163.583946
9.929965 -40.521332 1.042291 163.666295
9.934967 -40.541834 1.042422 163.748640
9.939970 -40.562340 1.042552 163.830980
9.944972 -40.582849 1.042681 163.913316
9.949975 -40.603363 1.042808 163.995647
9.954977 -40.623880 1.042935 164.077973
9.959980 -40.644401 1.043060 164.160294
9.964982 -40.664926 1.043185 164.242611
9.969985 -40.685455 1.043308 164.324923
9.974987 -40.705988 1.043430 164.407231
9.979990 -40.726524 1.043550 164.489534
9.984992 -40.747064 1.043670 164.571833
9.989995 -40.767608 1.043788 164.654127
9.994997 -40.788155 1.043904 164.736417
10.000000 -40.808706 1.044019 164.818703
